   Internal  Switching    Leakage      Total
      Power      Power      Power      Power
--------------------------------------------
   6.95e-07   7.43e-08   8.44e-12   7.70e-07 _15640_
   6.95e-07   7.43e-08   8.44e-12   7.70e-07 _15768_
   6.95e-07   7.43e-08   8.44e-12   7.69e-07 _15832_
   6.95e-07   7.43e-08   8.44e-12   7.69e-07 _15704_
   6.94e-07   6.51e-08   8.44e-12   7.60e-07 _15749_
   6.96e-07   6.35e-08   8.44e-12   7.59e-07 _15617_
   6.96e-07   6.35e-08   8.44e-12   7.59e-07 _15745_
   6.82e-07   7.76e-08   8.44e-12   7.59e-07 _16776_
   6.96e-07   6.35e-08   8.44e-12   7.59e-07 _15681_
   6.94e-07   6.48e-08   8.44e-12   7.59e-07 _15614_
   6.94e-07   6.48e-08   8.44e-12   7.59e-07 _15806_
   6.94e-07   6.48e-08   8.44e-12   7.59e-07 _15678_
   6.94e-07   6.48e-08   8.44e-12   7.59e-07 _15742_
   6.96e-07   6.29e-08   8.44e-12   7.59e-07 _15809_
   6.99e-07   5.99e-08   8.44e-12   7.59e-07 _15751_
   6.99e-07   5.99e-08   8.44e-12   7.59e-07 _15759_
   6.95e-07   6.35e-08   8.44e-12   7.58e-07 _15765_
   6.95e-07   6.35e-08   8.44e-12   7.58e-07 _15757_
   6.95e-07   6.35e-08   8.44e-12   7.58e-07 _15829_
   6.95e-07   6.35e-08   8.44e-12   7.58e-07 _15629_
   6.95e-07   6.35e-08   8.44e-12   7.58e-07 _15637_
   6.95e-07   6.35e-08   8.44e-12   7.58e-07 _15701_
   6.95e-07   6.31e-08   8.44e-12   7.58e-07 _15771_
   6.95e-07   6.36e-08   8.44e-12   7.58e-07 _15362_
   6.95e-07   6.36e-08   8.44e-12   7.58e-07 _15490_
   6.95e-07   6.35e-08   8.44e-12   7.58e-07 _15821_
   6.95e-07   6.35e-08   8.44e-12   7.58e-07 _15761_
   6.95e-07   6.35e-08   8.44e-12   7.58e-07 _15693_
   6.95e-07   6.31e-08   8.44e-12   7.58e-07 _15835_
   6.95e-07   6.29e-08   8.44e-12   7.58e-07 _15817_
   6.94e-07   6.36e-08   8.44e-12   7.58e-07 _15554_
   6.95e-07   6.29e-08   8.44e-12   7.58e-07 _15689_
   6.95e-07   6.29e-08   8.44e-12   7.58e-07 _15625_
   6.94e-07   6.36e-08   8.44e-12   7.58e-07 _15451_
   6.94e-07   6.36e-08   8.44e-12   7.58e-07 _15450_
   6.95e-07   6.29e-08   8.44e-12   7.58e-07 _15753_
   6.94e-07   6.36e-08   8.44e-12   7.58e-07 _15515_
   6.94e-07   6.36e-08   8.44e-12   7.58e-07 _15387_
   6.95e-07   6.29e-08   8.44e-12   7.58e-07 _15639_
   6.94e-07   6.36e-08   8.44e-12   7.58e-07 _15386_
   6.95e-07   6.29e-08   8.44e-12   7.58e-07 _15767_
   6.94e-07   6.36e-08   8.44e-12   7.58e-07 _15578_
   6.94e-07   6.36e-08   8.44e-12   7.58e-07 _15579_
   6.95e-07   6.29e-08   8.44e-12   7.58e-07 _15615_
   6.95e-07   6.29e-08   8.44e-12   7.58e-07 _15831_
   6.95e-07   6.29e-08   8.44e-12   7.58e-07 _15707_
   6.95e-07   6.29e-08   8.44e-12   7.58e-07 _15703_
   6.95e-07   6.29e-08   8.44e-12   7.58e-07 _15679_
   6.95e-07   6.29e-08   8.44e-12   7.58e-07 _15743_
   6.95e-07   6.17e-08   8.44e-12   7.57e-07 _15433_
   6.95e-07   6.17e-08   8.44e-12   7.57e-07 _15497_
   6.95e-07   6.17e-08   8.44e-12   7.57e-07 _15561_
   6.95e-07   6.17e-08   8.44e-12   7.57e-07 _15369_
   6.94e-07   6.17e-08   8.44e-12   7.56e-07 _15505_
   6.94e-07   6.17e-08   8.44e-12   7.56e-07 _15569_
   6.94e-07   6.17e-08   8.44e-12   7.56e-07 _15445_
   6.94e-07   6.17e-08   8.44e-12   7.56e-07 _15513_
   6.94e-07   6.17e-08   8.44e-12   7.56e-07 _15509_
   6.94e-07   6.17e-08   8.44e-12   7.56e-07 _15437_
   6.94e-07   6.17e-08   8.44e-12   7.56e-07 _15501_
   6.94e-07   6.17e-08   8.44e-12   7.56e-07 _15377_
   6.94e-07   6.17e-08   8.44e-12   7.56e-07 _15449_
   6.94e-07   6.17e-08   8.44e-12   7.56e-07 _15573_
   6.94e-07   6.17e-08   8.44e-12   7.56e-07 _15381_
   6.94e-07   6.17e-08   8.44e-12   7.56e-07 _15577_
   6.96e-07   6.02e-08   8.44e-12   7.56e-07 _15641_
   6.94e-07   6.17e-08   8.44e-12   7.56e-07 _15425_
   6.96e-07   6.02e-08   8.44e-12   7.56e-07 _15769_
   6.94e-07   6.17e-08   8.44e-12   7.56e-07 _15565_
   6.94e-07   6.17e-08   8.44e-12   7.56e-07 _15373_
   6.94e-07   6.17e-08   8.44e-12   7.56e-07 _15385_
   6.94e-07   6.17e-08   8.44e-12   7.56e-07 _15489_
   6.72e-07   8.34e-08   8.44e-12   7.56e-07 _16648_
   6.94e-07   6.17e-08   8.44e-12   7.56e-07 _15553_
   6.94e-07   6.17e-08   8.44e-12   7.56e-07 _15361_
   6.95e-07   6.02e-08   8.44e-12   7.56e-07 _15833_
   6.95e-07   6.02e-08   8.44e-12   7.56e-07 _15705_
   6.94e-07   6.11e-08   8.44e-12   7.55e-07 _15485_
   6.94e-07   6.11e-08   8.44e-12   7.55e-07 _15421_
   6.94e-07   6.11e-08   8.44e-12   7.55e-07 _15549_
   6.94e-07   6.11e-08   8.44e-12   7.55e-07 _15357_
   6.93e-07   6.17e-08   8.44e-12   7.55e-07 _15493_
   6.93e-07   6.17e-08   8.44e-12   7.55e-07 _15557_
   6.93e-07   6.17e-08   8.44e-12   7.55e-07 _15429_
   6.93e-07   6.17e-08   8.44e-12   7.55e-07 _15365_
   6.85e-07   6.93e-08   8.44e-12   7.54e-07 _16710_
   6.90e-07   6.36e-08   8.44e-12   7.53e-07 _16027_
   6.90e-07   6.36e-08   8.44e-12   7.53e-07 _16002_
   6.90e-07   6.36e-08   8.44e-12   7.53e-07 _16066_
   6.94e-07   5.85e-08   8.44e-12   7.53e-07 _15441_
   6.89e-07   6.30e-08   8.44e-12   7.52e-07 _16089_
   6.89e-07   6.17e-08   8.44e-12   7.51e-07 _16077_
   6.89e-07   6.17e-08   8.44e-12   7.51e-07 _16021_
   6.89e-07   6.17e-08   8.44e-12   7.51e-07 _16025_
   6.90e-07   6.11e-08   8.44e-12   7.51e-07 _16083_
   6.89e-07   6.17e-08   8.44e-12   7.51e-07 _16001_
   6.90e-07   6.11e-08   8.44e-12   7.51e-07 _16091_
   6.97e-07   5.38e-08   8.44e-12   7.51e-07 _15747_
   6.89e-07   6.17e-08   8.44e-12   7.51e-07 _16087_
   6.69e-07   8.18e-08   8.44e-12   7.51e-07 _16675_
   6.97e-07   5.38e-08   8.44e-12   7.51e-07 _15683_
   6.89e-07   6.11e-08   8.44e-12   7.51e-07 _15997_
   6.89e-07   6.11e-08   8.44e-12   7.51e-07 _16079_
   6.89e-07   6.17e-08   8.44e-12   7.51e-07 _16017_
   6.89e-07   6.17e-08   8.44e-12   7.51e-07 _16069_
   6.89e-07   6.11e-08   8.44e-12   7.51e-07 _16061_
   6.89e-07   6.17e-08   8.44e-12   7.50e-07 _16005_
   6.89e-07   6.17e-08   8.44e-12   7.50e-07 _16009_
   6.89e-07   6.17e-08   8.44e-12   7.50e-07 _16073_
   6.95e-07   5.38e-08   8.44e-12   7.49e-07 _15627_
   6.95e-07   5.38e-08   8.44e-12   7.49e-07 _15819_
   6.95e-07   5.38e-08   8.44e-12   7.49e-07 _15691_
   6.95e-07   5.38e-08   8.44e-12   7.49e-07 _15827_
   6.95e-07   5.38e-08   8.44e-12   7.49e-07 _15763_
   6.95e-07   5.38e-08   8.44e-12   7.49e-07 _15635_
   6.95e-07   5.38e-08   8.44e-12   7.49e-07 _15815_
   6.95e-07   5.38e-08   8.44e-12   7.49e-07 _15699_
   6.82e-07   6.71e-08   8.44e-12   7.49e-07 _15295_
   6.95e-07   5.38e-08   8.44e-12   7.49e-07 _15643_
   6.96e-07   5.25e-08   8.44e-12   7.49e-07 _15772_
   6.96e-07   5.25e-08   8.44e-12   7.49e-07 _15644_
   6.96e-07   5.25e-08   8.44e-12   7.49e-07 _15836_
   6.96e-07   5.25e-08   8.44e-12   7.48e-07 _15708_
   6.95e-07   5.38e-08   8.44e-12   7.48e-07 _15825_
   6.95e-07   5.38e-08   8.44e-12   7.48e-07 _15633_
   6.81e-07   6.71e-08   8.44e-12   7.48e-07 _16711_
   6.95e-07   5.38e-08   8.44e-12   7.48e-07 _15697_
   6.90e-07   5.85e-08   8.44e-12   7.48e-07 _16085_
   6.94e-07   5.38e-08   8.44e-12   7.48e-07 _15621_
   6.94e-07   5.38e-08   8.44e-12   7.48e-07 _15813_
   6.94e-07   5.38e-08   8.44e-12   7.48e-07 _15685_
   6.97e-07   5.05e-08   8.44e-12   7.48e-07 _15619_
   6.97e-07   5.05e-08   8.44e-12   7.48e-07 _15811_
   6.89e-07   5.85e-08   8.44e-12   7.47e-07 _16081_
   6.96e-07   5.05e-08   8.44e-12   7.47e-07 _15748_
   6.96e-07   5.05e-08   8.44e-12   7.47e-07 _15620_
   6.75e-07   7.13e-08   8.44e-12   7.47e-07 _16654_
   6.96e-07   5.05e-08   8.44e-12   7.47e-07 _15812_
   6.94e-07   5.23e-08   8.44e-12   7.47e-07 _15514_
   6.96e-07   5.05e-08   8.44e-12   7.47e-07 _15684_
   6.94e-07   5.23e-08   8.44e-12   7.46e-07 _15550_
   6.94e-07   5.23e-08   8.44e-12   7.46e-07 _15486_
   6.94e-07   5.23e-08   8.44e-12   7.46e-07 _15422_
   6.97e-07   4.97e-08   8.44e-12   7.46e-07 _15746_
   6.97e-07   4.97e-08   8.44e-12   7.46e-07 _15618_
   6.94e-07   5.23e-08   8.44e-12   7.46e-07 _15358_
   6.96e-07   4.97e-08   8.44e-12   7.46e-07 _15810_
   6.94e-07   5.23e-08   8.44e-12   7.46e-07 _15512_
   6.96e-07   5.05e-08   8.44e-12   7.46e-07 _15616_
   6.96e-07   4.97e-08   8.44e-12   7.46e-07 _15682_
   6.96e-07   5.05e-08   8.44e-12   7.46e-07 _15744_
   6.96e-07   5.05e-08   8.44e-12   7.46e-07 _15816_
   6.95e-07   5.05e-08   8.44e-12   7.46e-07 _15808_
   6.95e-07   5.05e-08   8.44e-12   7.46e-07 _15680_
   6.95e-07   5.05e-08   8.44e-12   7.46e-07 _15688_
   6.95e-07   5.05e-08   8.44e-12   7.46e-07 _15628_
   6.95e-07   5.05e-08   8.44e-12   7.46e-07 _15756_
   6.95e-07   5.05e-08   8.44e-12   7.46e-07 _15824_
   6.95e-07   5.05e-08   8.44e-12   7.46e-07 _15755_
   6.95e-07   5.05e-08   8.44e-12   7.46e-07 _15820_
   6.95e-07   5.05e-08   8.44e-12   7.46e-07 _15692_
   6.95e-07   5.05e-08   8.44e-12   7.46e-07 _15752_
   6.95e-07   5.05e-08   8.44e-12   7.46e-07 _15624_
   6.95e-07   5.05e-08   8.44e-12   7.46e-07 _15696_
   6.95e-07   5.05e-08   8.44e-12   7.46e-07 _15760_
   6.95e-07   5.05e-08   8.44e-12   7.46e-07 _15823_
   6.95e-07   5.05e-08   8.44e-12   7.46e-07 _15632_
   6.95e-07   5.05e-08   8.44e-12   7.46e-07 _15687_
   6.95e-07   5.05e-08   8.44e-12   7.46e-07 _15695_
   6.95e-07   5.05e-08   8.44e-12   7.46e-07 _15623_
   6.95e-07   5.05e-08   8.44e-12   7.46e-07 _15631_
   6.95e-07   5.05e-08   8.44e-12   7.46e-07 _15828_
   6.72e-07   7.40e-08   8.44e-12   7.46e-07 _16643_
   6.95e-07   5.05e-08   8.44e-12   7.46e-07 _15764_
   6.95e-07   5.05e-08   8.44e-12   7.46e-07 _15700_
   6.95e-07   5.05e-08   8.44e-12   7.46e-07 _15636_
   6.82e-07   6.32e-08   8.44e-12   7.46e-07 _15937_
   6.94e-07   5.16e-08   8.44e-12   7.45e-07 _15452_
   6.95e-07   5.05e-08   8.44e-12   7.45e-07 _15807_
   6.94e-07   5.16e-08   8.44e-12   7.45e-07 _15516_
   6.94e-07   5.16e-08   8.44e-12   7.45e-07 _15388_
   6.94e-07   5.16e-08   8.44e-12   7.45e-07 _15580_
   6.95e-07   4.97e-08   8.44e-12   7.45e-07 _15818_
   6.95e-07   4.97e-08   8.44e-12   7.45e-07 _15626_
   6.95e-07   4.97e-08   8.44e-12   7.45e-07 _15690_
   6.95e-07   4.97e-08   8.44e-12   7.45e-07 _15754_
   6.95e-07   4.97e-08   8.44e-12   7.45e-07 _15634_
   6.95e-07   4.97e-08   8.44e-12   7.45e-07 _15762_
   6.95e-07   4.97e-08   8.44e-12   7.45e-07 _15826_
   6.95e-07   4.97e-08   8.44e-12   7.45e-07 _15758_
   6.95e-07   4.97e-08   8.44e-12   7.45e-07 _15698_
   6.95e-07   4.97e-08   8.44e-12   7.45e-07 _15766_
   6.95e-07   4.97e-08   8.44e-12   7.45e-07 _15630_
   6.95e-07   4.97e-08   8.44e-12   7.45e-07 _15814_
   6.95e-07   4.97e-08   8.44e-12   7.45e-07 _15750_
   6.96e-07   4.91e-08   8.44e-12   7.45e-07 _15435_
   6.95e-07   4.97e-08   8.44e-12   7.45e-07 _15622_
   6.95e-07   4.97e-08   8.44e-12   7.45e-07 _15822_
   6.95e-07   4.97e-08   8.44e-12   7.45e-07 _15694_
   6.95e-07   4.97e-08   8.44e-12   7.45e-07 _15686_
   6.96e-07   4.91e-08   8.44e-12   7.45e-07 _15499_
   6.96e-07   4.91e-08   8.44e-12   7.45e-07 _15563_
   6.95e-07   4.91e-08   8.44e-12   7.45e-07 _15371_
   6.72e-07   7.23e-08   8.44e-12   7.44e-07 _16657_
   6.95e-07   4.91e-08   8.44e-12   7.44e-07 _15427_
   6.72e-07   7.21e-08   8.44e-12   7.44e-07 _16673_
   6.96e-07   4.83e-08   8.44e-12   7.44e-07 _15434_
   6.95e-07   4.91e-08   8.44e-12   7.44e-07 _15363_
   6.95e-07   4.91e-08   8.44e-12   7.44e-07 _15491_
   6.96e-07   4.83e-08   8.44e-12   7.44e-07 _15498_
   6.96e-07   4.83e-08   8.44e-12   7.44e-07 _15562_
   6.95e-07   4.91e-08   8.44e-12   7.44e-07 _15555_
   6.96e-07   4.83e-08   8.44e-12   7.44e-07 _15370_
   6.98e-07   4.57e-08   8.44e-12   7.44e-07 _15770_
   6.98e-07   4.57e-08   8.44e-12   7.44e-07 _15642_
   6.95e-07   4.91e-08   8.44e-12   7.44e-07 _15560_
   6.95e-07   4.91e-08   8.44e-12   7.44e-07 _15432_
   6.95e-07   4.91e-08   8.44e-12   7.44e-07 _15496_
   6.95e-07   4.91e-08   8.44e-12   7.44e-07 _15368_
   6.95e-07   4.91e-08   8.44e-12   7.44e-07 _15559_
   6.98e-07   4.57e-08   8.44e-12   7.44e-07 _15834_
   6.95e-07   4.91e-08   8.44e-12   7.44e-07 _15495_
   6.98e-07   4.57e-08   8.44e-12   7.44e-07 _15706_
   6.95e-07   4.91e-08   8.44e-12   7.44e-07 _15367_
   6.95e-07   4.91e-08   8.44e-12   7.44e-07 _15431_
   6.95e-07   4.91e-08   8.44e-12   7.44e-07 _15503_
   6.95e-07   4.91e-08   8.44e-12   7.44e-07 _15507_
   6.94e-07   4.91e-08   8.44e-12   7.44e-07 _15571_
   6.94e-07   4.91e-08   8.44e-12   7.44e-07 _15443_
   6.94e-07   4.91e-08   8.44e-12   7.44e-07 _15439_
   6.94e-07   4.91e-08   8.44e-12   7.44e-07 _15379_
   6.94e-07   4.91e-08   8.44e-12   7.44e-07 _15511_
   6.94e-07   4.91e-08   8.44e-12   7.44e-07 _15375_
   6.94e-07   4.91e-08   8.44e-12   7.44e-07 _15447_
   6.94e-07   4.91e-08   8.44e-12   7.43e-07 _15567_
   6.94e-07   4.91e-08   8.44e-12   7.43e-07 _15487_
   6.94e-07   4.91e-08   8.44e-12   7.43e-07 _15575_
   6.94e-07   4.91e-08   8.44e-12   7.43e-07 _15383_
   6.94e-07   4.91e-08   8.44e-12   7.43e-07 _15551_
   6.94e-07   4.91e-08   8.44e-12   7.43e-07 _15423_
   6.94e-07   4.91e-08   8.44e-12   7.43e-07 _15504_
   6.94e-07   4.91e-08   8.44e-12   7.43e-07 _15359_
   6.94e-07   4.91e-08   8.44e-12   7.43e-07 _15568_
   6.94e-07   4.91e-08   8.44e-12   7.43e-07 _15424_
   6.94e-07   4.91e-08   8.44e-12   7.43e-07 _15436_
   6.94e-07   4.91e-08   8.44e-12   7.43e-07 _15376_
   6.94e-07   4.91e-08   8.44e-12   7.43e-07 _15552_
   6.94e-07   4.91e-08   8.44e-12   7.43e-07 _15488_
   6.94e-07   4.91e-08   8.44e-12   7.43e-07 _15444_
   6.94e-07   4.91e-08   8.44e-12   7.43e-07 _15360_
   6.94e-07   4.91e-08   8.44e-12   7.43e-07 _15500_
   6.94e-07   4.91e-08   8.44e-12   7.43e-07 _15380_
   6.94e-07   4.91e-08   8.44e-12   7.43e-07 _15508_
   6.94e-07   4.91e-08   8.44e-12   7.43e-07 _15572_
   6.94e-07   4.91e-08   8.44e-12   7.43e-07 _15372_
   6.94e-07   4.91e-08   8.44e-12   7.43e-07 _15564_
   6.95e-07   4.83e-08   8.44e-12   7.43e-07 _15506_
   6.95e-07   4.83e-08   8.44e-12   7.43e-07 _15570_
   6.95e-07   4.83e-08   8.44e-12   7.43e-07 _15426_
   6.94e-07   4.91e-08   8.44e-12   7.43e-07 _15448_
   6.95e-07   4.83e-08   8.44e-12   7.43e-07 _15442_
   6.95e-07   4.83e-08   8.44e-12   7.43e-07 _15378_
   6.94e-07   4.83e-08   8.44e-12   7.43e-07 _15438_
   6.94e-07   4.91e-08   8.44e-12   7.43e-07 _15576_
   6.94e-07   4.83e-08   8.44e-12   7.43e-07 _15502_
   6.94e-07   4.91e-08   8.44e-12   7.43e-07 _15384_
   6.94e-07   4.83e-08   8.44e-12   7.43e-07 _15374_
   6.94e-07   4.83e-08   8.44e-12   7.43e-07 _15566_
   6.94e-07   4.83e-08   8.44e-12   7.43e-07 _15446_
   6.94e-07   4.83e-08   8.44e-12   7.43e-07 _15510_
   6.94e-07   4.83e-08   8.44e-12   7.43e-07 _15574_
   6.82e-07   6.08e-08   8.44e-12   7.43e-07 _16777_
   6.94e-07   4.83e-08   8.44e-12   7.43e-07 _15382_
   6.94e-07   4.83e-08   8.44e-12   7.43e-07 _15558_
   6.94e-07   4.83e-08   8.44e-12   7.43e-07 _15494_
   6.82e-07   6.08e-08   8.44e-12   7.42e-07 _16867_
   6.82e-07   6.08e-08   8.44e-12   7.42e-07 _16722_
   6.94e-07   4.83e-08   8.44e-12   7.42e-07 _15366_
   6.94e-07   4.83e-08   8.44e-12   7.42e-07 _15430_
   6.90e-07   5.23e-08   8.44e-12   7.42e-07 _15998_
   6.92e-07   5.05e-08   8.44e-12   7.42e-07 _15613_
   6.90e-07   5.23e-08   8.44e-12   7.42e-07 _16026_
   6.90e-07   5.23e-08   8.44e-12   7.42e-07 _16062_
   6.92e-07   5.05e-08   8.44e-12   7.42e-07 _15741_
   6.92e-07   5.05e-08   8.44e-12   7.42e-07 _15677_
   6.92e-07   5.05e-08   8.44e-12   7.42e-07 _15805_
   6.90e-07   5.23e-08   8.44e-12   7.42e-07 _16084_
   6.89e-07   5.23e-08   8.44e-12   7.42e-07 _16013_
   6.89e-07   5.23e-08   8.44e-12   7.42e-07 _16080_
   6.89e-07   5.23e-08   8.44e-12   7.42e-07 _16065_
   6.75e-07   6.64e-08   8.44e-12   7.42e-07 _16651_
   6.89e-07   5.23e-08   8.44e-12   7.42e-07 _16088_
   6.89e-07   5.23e-08   8.44e-12   7.42e-07 _16024_
   6.95e-07   4.65e-08   8.44e-12   7.42e-07 _15638_
   6.95e-07   4.65e-08   8.44e-12   7.41e-07 _15830_
   6.95e-07   4.65e-08   8.44e-12   7.41e-07 _15702_
   6.72e-07   6.91e-08   8.44e-12   7.41e-07 _16665_
   6.72e-07   6.91e-08   8.44e-12   7.41e-07 _16669_
   6.90e-07   5.16e-08   8.44e-12   7.41e-07 _16028_
   6.90e-07   5.16e-08   8.44e-12   7.41e-07 _16092_
   6.82e-07   5.94e-08   8.44e-12   7.41e-07 _16840_
   6.92e-07   4.91e-08   8.44e-12   7.41e-07 _15556_
   6.92e-07   4.91e-08   8.44e-12   7.41e-07 _15492_
   6.92e-07   4.91e-08   8.44e-12   7.41e-07 _15364_
   6.92e-07   4.91e-08   8.44e-12   7.41e-07 _15428_
   6.82e-07   5.85e-08   8.44e-12   7.40e-07 _16740_
   6.69e-07   7.10e-08   8.44e-12   7.40e-07 _16695_
   6.91e-07   4.91e-08   8.44e-12   7.40e-07 _16067_
   6.72e-07   6.75e-08   8.44e-12   7.40e-07 _16660_
   6.91e-07   4.91e-08   8.44e-12   7.40e-07 _16003_
   6.94e-07   4.52e-08   8.44e-12   7.39e-07 _15440_
   6.70e-07   6.92e-08   8.44e-12   7.39e-07 _16676_
   6.90e-07   4.91e-08   8.44e-12   7.39e-07 _16019_
   6.90e-07   4.91e-08   8.44e-12   7.39e-07 _15999_
   6.90e-07   4.91e-08   8.44e-12   7.39e-07 _16000_
   6.90e-07   4.91e-08   8.44e-12   7.39e-07 _16063_
   6.90e-07   4.91e-08   8.44e-12   7.39e-07 _16020_
   6.90e-07   4.91e-08   8.44e-12   7.39e-07 _16068_
   6.90e-07   4.91e-08   8.44e-12   7.39e-07 _16064_
   6.90e-07   4.91e-08   8.44e-12   7.39e-07 _16004_
   6.90e-07   4.91e-08   8.44e-12   7.39e-07 _16072_
   6.90e-07   4.91e-08   8.44e-12   7.39e-07 _16011_
   6.90e-07   4.91e-08   8.44e-12   7.39e-07 _16016_
   6.89e-07   4.91e-08   8.44e-12   7.39e-07 _16076_
   6.89e-07   4.91e-08   8.44e-12   7.39e-07 _16007_
   6.89e-07   4.91e-08   8.44e-12   7.39e-07 _16008_
   6.89e-07   4.91e-08   8.44e-12   7.39e-07 _16012_
   6.89e-07   4.91e-08   8.44e-12   7.39e-07 _16015_
   6.89e-07   4.91e-08   8.44e-12   7.38e-07 _16023_
   6.90e-07   4.83e-08   8.44e-12   7.38e-07 _16014_
   6.90e-07   4.83e-08   8.44e-12   7.38e-07 _16078_
   6.83e-07   5.50e-08   8.44e-12   7.38e-07 _15875_
   6.90e-07   4.83e-08   8.44e-12   7.38e-07 _16018_
   6.90e-07   4.83e-08   8.44e-12   7.38e-07 _16022_
   6.89e-07   4.83e-08   8.44e-12   7.38e-07 _16006_
   6.89e-07   4.83e-08   8.44e-12   7.38e-07 _16070_
   6.83e-07   5.50e-08   8.44e-12   7.38e-07 _15962_
   6.83e-07   5.50e-08   8.44e-12   7.38e-07 _15874_
   6.89e-07   4.83e-08   8.44e-12   7.38e-07 _16010_
   6.89e-07   4.83e-08   8.44e-12   7.38e-07 _16074_
   6.83e-07   5.50e-08   8.44e-12   7.38e-07 _15963_
   6.82e-07   5.50e-08   8.44e-12   7.38e-07 _15876_
   6.79e-07   5.87e-08   8.44e-12   7.37e-07 _16709_
   6.83e-07   5.42e-08   8.44e-12   7.37e-07 _15891_
   6.83e-07   5.42e-08   8.44e-12   7.37e-07 _15899_
   6.82e-07   5.42e-08   8.44e-12   7.37e-07 _15879_
   6.82e-07   5.42e-08   8.44e-12   7.37e-07 _15883_
   6.82e-07   5.42e-08   8.44e-12   7.36e-07 _15949_
   6.82e-07   5.42e-08   8.44e-12   7.36e-07 _15957_
   6.82e-07   5.42e-08   8.44e-12   7.36e-07 _15961_
   6.82e-07   5.42e-08   8.44e-12   7.36e-07 _15873_
   6.80e-07   5.59e-08   8.44e-12   7.36e-07 _16708_
   6.82e-07   5.42e-08   8.44e-12   7.36e-07 _15895_
   6.82e-07   5.42e-08   8.44e-12   7.36e-07 _15887_
   6.82e-07   5.36e-08   8.44e-12   7.36e-07 _15933_
   6.82e-07   5.36e-08   8.44e-12   7.36e-07 _15869_
   6.82e-07   5.42e-08   8.44e-12   7.36e-07 _15941_
   6.82e-07   5.42e-08   8.44e-12   7.36e-07 _15945_
   6.90e-07   4.52e-08   8.44e-12   7.35e-07 _16090_
   6.72e-07   6.26e-08   8.44e-12   7.35e-07 _16644_
   6.90e-07   4.52e-08   8.44e-12   7.35e-07 _16082_
   6.90e-07   4.52e-08   8.44e-12   7.35e-07 _16086_
   6.90e-07   4.52e-08   8.44e-12   7.35e-07 _16071_
   6.90e-07   4.52e-08   8.44e-12   7.35e-07 _16075_
   6.69e-07   6.60e-08   8.44e-12   7.35e-07 _16683_
   6.72e-07   6.23e-08   8.44e-12   7.35e-07 _16653_
   6.69e-07   6.54e-08   8.44e-12   7.34e-07 _16703_
   6.69e-07   6.49e-08   8.44e-12   7.34e-07 _16687_
   6.69e-07   6.49e-08   8.44e-12   7.34e-07 _16699_
   6.82e-07   5.14e-08   8.44e-12   7.33e-07 _15953_
   6.82e-07   5.12e-08   8.44e-12   7.33e-07 _16778_
   6.69e-07   6.40e-08   8.44e-12   7.33e-07 _16698_
   6.82e-07   5.12e-08   8.44e-12   7.33e-07 _15320_
   6.82e-07   5.12e-08   8.44e-12   7.33e-07 _15303_
   6.82e-07   5.12e-08   8.44e-12   7.33e-07 _16785_
   6.82e-07   5.08e-08   8.44e-12   7.33e-07 _16868_
   6.81e-07   5.12e-08   8.44e-12   7.33e-07 _16780_
   6.81e-07   5.12e-08   8.44e-12   7.32e-07 _16723_
   6.72e-07   6.01e-08   8.44e-12   7.32e-07 _16646_
   6.69e-07   6.34e-08   8.44e-12   7.32e-07 _16692_
   6.72e-07   5.91e-08   8.44e-12   7.31e-07 _16663_
   6.72e-07   5.91e-08   8.44e-12   7.31e-07 _16671_
   6.82e-07   4.87e-08   8.44e-12   7.30e-07 _16852_
   6.82e-07   4.87e-08   8.44e-12   7.30e-07 _15322_
   6.82e-07   4.87e-08   8.44e-12   7.30e-07 _16849_
   6.82e-07   4.72e-08   8.44e-12   7.29e-07 _16741_
   6.83e-07   4.61e-08   8.44e-12   7.29e-07 _15934_
   6.83e-07   4.61e-08   8.44e-12   7.29e-07 _15870_
   6.82e-07   4.61e-08   8.44e-12   7.28e-07 _15952_
   6.83e-07   4.52e-08   8.44e-12   7.28e-07 _15964_
   6.69e-07   5.84e-08   8.44e-12   7.27e-07 _16677_
   6.82e-07   4.52e-08   8.44e-12   7.27e-07 _16860_
   6.69e-07   5.81e-08   8.44e-12   7.27e-07 _16679_
   6.82e-07   4.47e-08   8.44e-12   7.27e-07 _15900_
   6.83e-07   4.34e-08   8.44e-12   7.27e-07 _15939_
   6.83e-07   4.34e-08   8.44e-12   7.26e-07 _15898_
   6.83e-07   4.34e-08   8.44e-12   7.26e-07 _15955_
   6.83e-07   4.34e-08   8.44e-12   7.26e-07 _15886_
   6.82e-07   4.34e-08   8.44e-12   7.26e-07 _15935_
   6.82e-07   4.34e-08   8.44e-12   7.26e-07 _15936_
   6.82e-07   4.34e-08   8.44e-12   7.26e-07 _15956_
   6.82e-07   4.34e-08   8.44e-12   7.26e-07 _15940_
   6.82e-07   4.34e-08   8.44e-12   7.26e-07 _15894_
   6.82e-07   4.34e-08   8.44e-12   7.26e-07 _15890_
   6.82e-07   4.34e-08   8.44e-12   7.26e-07 _15871_
   6.82e-07   4.34e-08   8.44e-12   7.26e-07 _15947_
   6.82e-07   4.34e-08   8.44e-12   7.26e-07 _15943_
   6.82e-07   4.34e-08   8.44e-12   7.26e-07 _15944_
   6.82e-07   4.34e-08   8.44e-12   7.26e-07 _15948_
   6.82e-07   4.34e-08   8.44e-12   7.26e-07 _15872_
   6.82e-07   4.34e-08   8.44e-12   7.26e-07 _15960_
   6.82e-07   4.34e-08   8.44e-12   7.26e-07 _15951_
   6.82e-07   4.34e-08   8.44e-12   7.26e-07 _15897_
   6.82e-07   4.34e-08   8.44e-12   7.25e-07 _15878_
   6.82e-07   4.34e-08   8.44e-12   7.25e-07 _15959_
   6.82e-07   4.34e-08   8.44e-12   7.25e-07 _15893_
   6.82e-07   4.34e-08   8.44e-12   7.25e-07 _15882_
   6.69e-07   5.67e-08   8.44e-12   7.25e-07 _16686_
   6.69e-07   5.67e-08   8.44e-12   7.25e-07 _16689_
   6.82e-07   4.34e-08   8.44e-12   7.25e-07 _15885_
   6.69e-07   5.58e-08   8.44e-12   7.25e-07 _16684_
   6.82e-07   4.34e-08   8.44e-12   7.25e-07 _15889_
   6.83e-07   4.25e-08   8.44e-12   7.25e-07 _15938_
   6.83e-07   4.25e-08   8.44e-12   7.25e-07 _15942_
   6.83e-07   4.25e-08   8.44e-12   7.25e-07 _15950_
   6.83e-07   4.25e-08   8.44e-12   7.25e-07 _15880_
   6.83e-07   4.25e-08   8.44e-12   7.25e-07 _15954_
   6.83e-07   4.25e-08   8.44e-12   7.25e-07 _15958_
   6.82e-07   4.34e-08   8.44e-12   7.25e-07 _15877_
   6.69e-07   5.61e-08   8.44e-12   7.25e-07 _16701_
   6.82e-07   4.25e-08   8.44e-12   7.25e-07 _15892_
   6.82e-07   4.25e-08   8.44e-12   7.25e-07 _15884_
   6.69e-07   5.61e-08   8.44e-12   7.25e-07 _16680_
   6.82e-07   4.25e-08   8.44e-12   7.25e-07 _15896_
   6.82e-07   4.25e-08   8.44e-12   7.25e-07 _15888_
   6.81e-07   4.34e-08   8.44e-12   7.25e-07 _15881_
   6.82e-07   4.25e-08   8.44e-12   7.25e-07 _15946_
   7.13e-07   1.15e-08   8.44e-12   7.25e-07 _16296_
   6.69e-07   5.56e-08   8.44e-12   7.24e-07 _16681_
   6.69e-07   5.56e-08   8.44e-12   7.24e-07 _16690_
   6.69e-07   5.56e-08   8.44e-12   7.24e-07 _16693_
   6.82e-07   4.25e-08   8.44e-12   7.24e-07 _16731_
   6.69e-07   5.50e-08   8.44e-12   7.24e-07 _16696_
   6.82e-07   4.21e-08   8.44e-12   7.24e-07 _16732_
   6.81e-07   4.25e-08   8.44e-12   7.24e-07 _16843_
   6.80e-07   4.33e-08   8.44e-12   7.24e-07 _16841_
   6.82e-07   4.17e-08   8.44e-12   7.23e-07 _16789_
   6.82e-07   4.17e-08   8.44e-12   7.23e-07 _16717_
   7.08e-07   1.54e-08   8.44e-12   7.23e-07 _16346_
   7.08e-07   1.54e-08   8.44e-12   7.23e-07 _16378_
   7.08e-07   1.49e-08   8.44e-12   7.23e-07 _16330_
   7.08e-07   1.49e-08   8.44e-12   7.23e-07 _16362_
   7.08e-07   1.49e-08   8.44e-12   7.23e-07 _16266_
   6.82e-07   4.12e-08   8.44e-12   7.23e-07 _15318_
   6.82e-07   4.12e-08   8.44e-12   7.23e-07 _15307_
   6.82e-07   4.12e-08   8.44e-12   7.23e-07 _16804_
   6.81e-07   4.16e-08   8.44e-12   7.23e-07 _16844_
   6.82e-07   4.11e-08   8.44e-12   7.23e-07 _16869_
   6.81e-07   4.12e-08   8.44e-12   7.23e-07 _16799_
   6.81e-07   4.12e-08   8.44e-12   7.23e-07 _16803_
   6.81e-07   4.12e-08   8.44e-12   7.23e-07 _15317_
   6.81e-07   4.12e-08   8.44e-12   7.23e-07 _16716_
   7.07e-07   1.51e-08   8.44e-12   7.22e-07 _16307_
   7.11e-07   1.13e-08   8.44e-12   7.22e-07 _16350_
   7.11e-07   1.13e-08   8.44e-12   7.22e-07 _16254_
   7.11e-07   1.13e-08   8.44e-12   7.22e-07 _16286_
   6.87e-07   3.46e-08   8.44e-12   7.22e-07 _16800_
   7.07e-07   1.47e-08   8.44e-12   7.22e-07 _16298_
   7.07e-07   1.47e-08   8.44e-12   7.22e-07 _16358_
   7.07e-07   1.47e-08   8.44e-12   7.22e-07 _16262_
   6.69e-07   5.25e-08   8.44e-12   7.22e-07 _16650_
   7.07e-07   1.47e-08   8.44e-12   7.21e-07 _16332_
   7.07e-07   1.47e-08   8.44e-12   7.21e-07 _16364_
   7.07e-07   1.47e-08   8.44e-12   7.21e-07 _16268_
   7.06e-07   1.51e-08   8.44e-12   7.21e-07 _16290_
   7.06e-07   1.50e-08   8.44e-12   7.21e-07 _16280_
   7.06e-07   1.46e-08   8.44e-12   7.21e-07 _16328_
   7.06e-07   1.46e-08   8.44e-12   7.21e-07 _16360_
   6.69e-07   5.18e-08   8.44e-12   7.20e-07 _16704_
   6.62e-07   5.83e-08   8.44e-12   7.20e-07 _16661_
   7.06e-07   1.45e-08   8.44e-12   7.20e-07 _16348_
   7.06e-07   1.45e-08   8.44e-12   7.20e-07 _16372_
   7.06e-07   1.45e-08   8.44e-12   7.20e-07 _16276_
   7.06e-07   1.45e-08   8.44e-12   7.20e-07 _16338_
   7.06e-07   1.45e-08   8.44e-12   7.20e-07 _16370_
   6.69e-07   5.10e-08   8.44e-12   7.20e-07 _16647_
   7.06e-07   1.45e-08   8.44e-12   7.20e-07 _16274_
   7.06e-07   1.45e-08   8.44e-12   7.20e-07 _16272_
   7.05e-07   1.49e-08   8.44e-12   7.20e-07 _16312_
   7.05e-07   1.49e-08   8.44e-12   7.20e-07 _16344_
   7.05e-07   1.49e-08   8.44e-12   7.20e-07 _16376_
   7.05e-07   1.44e-08   8.44e-12   7.20e-07 _16306_
   6.82e-07   3.79e-08   8.44e-12   7.20e-07 _16725_
   6.82e-07   3.79e-08   8.44e-12   7.20e-07 _16733_
   7.05e-07   1.44e-08   8.44e-12   7.19e-07 _16322_
   7.05e-07   1.44e-08   8.44e-12   7.19e-07 _16354_
   7.05e-07   1.43e-08   8.44e-12   7.19e-07 _16256_
   7.05e-07   1.43e-08   8.44e-12   7.19e-07 _16352_
   7.05e-07   1.43e-08   8.44e-12   7.19e-07 _16288_
   7.05e-07   1.44e-08   8.44e-12   7.19e-07 _16304_
   6.69e-07   5.05e-08   8.44e-12   7.19e-07 _16691_
   6.82e-07   3.74e-08   8.44e-12   7.19e-07 _16866_
   7.04e-07   1.43e-08   8.44e-12   7.19e-07 _16316_
   6.81e-07   3.74e-08   8.44e-12   7.19e-07 _15298_
   7.08e-07   1.08e-08   8.44e-12   7.18e-07 _16164_
   7.08e-07   1.08e-08   8.44e-12   7.18e-07 _16420_
   7.07e-07   1.08e-08   8.44e-12   7.18e-07 _16388_
   6.74e-07   4.30e-08   8.44e-12   7.17e-07 _16706_
   7.06e-07   1.05e-08   8.44e-12   7.16e-07 _16422_
   7.05e-07   1.05e-08   8.44e-12   7.15e-07 _16386_
   7.05e-07   1.05e-08   8.44e-12   7.15e-07 _16482_
   6.82e-07   3.37e-08   8.44e-12   7.15e-07 _16781_
   7.01e-07   1.41e-08   8.44e-12   7.15e-07 _16412_
   6.81e-07   3.35e-08   8.44e-12   7.15e-07 _16863_
   6.81e-07   3.35e-08   8.44e-12   7.15e-07 _16735_
   7.04e-07   1.04e-08   8.44e-12   7.15e-07 _16448_
   6.82e-07   3.32e-08   8.44e-12   7.15e-07 _16724_
   7.04e-07   1.04e-08   8.44e-12   7.15e-07 _16468_
   6.82e-07   3.30e-08   8.44e-12   7.15e-07 _16856_
   6.82e-07   3.29e-08   8.44e-12   7.15e-07 _16796_
   6.82e-07   3.29e-08   8.44e-12   7.15e-07 _15314_
   6.82e-07   3.30e-08   8.44e-12   7.15e-07 _16713_
   6.82e-07   3.30e-08   8.44e-12   7.15e-07 _16788_
   7.01e-07   1.36e-08   8.44e-12   7.15e-07 _16130_
   6.81e-07   3.30e-08   8.44e-12   7.15e-07 _15306_
   6.68e-07   4.67e-08   8.44e-12   7.15e-07 _16705_
   6.81e-07   3.30e-08   8.44e-12   7.14e-07 _16847_
   6.81e-07   3.30e-08   8.44e-12   7.14e-07 _15301_
   7.01e-07   1.35e-08   8.44e-12   7.14e-07 _16138_
   6.81e-07   3.30e-08   8.44e-12   7.14e-07 _15297_
   7.00e-07   1.35e-08   8.44e-12   7.14e-07 _16170_
   7.00e-07   1.40e-08   8.44e-12   7.14e-07 _16492_
   7.00e-07   1.40e-08   8.44e-12   7.14e-07 _16384_
   7.00e-07   1.40e-08   8.44e-12   7.14e-07 _16480_
   7.00e-07   1.35e-08   8.44e-12   7.14e-07 _16402_
   7.00e-07   1.35e-08   8.44e-12   7.14e-07 _16142_
   6.70e-07   4.42e-08   8.44e-12   7.14e-07 _16658_
   7.00e-07   1.35e-08   8.44e-12   7.14e-07 _16450_
   7.00e-07   1.35e-08   8.44e-12   7.14e-07 _16166_
   7.00e-07   1.35e-08   8.44e-12   7.14e-07 _16486_
   7.00e-07   1.35e-08   8.44e-12   7.14e-07 _16394_
   7.00e-07   1.35e-08   8.44e-12   7.14e-07 _16426_
   7.00e-07   1.35e-08   8.44e-12   7.14e-07 _16382_
   7.00e-07   1.35e-08   8.44e-12   7.14e-07 _16454_
   7.00e-07   1.35e-08   8.44e-12   7.14e-07 _16466_
   7.00e-07   1.35e-08   8.44e-12   7.14e-07 _16146_
   7.00e-07   1.35e-08   8.44e-12   7.14e-07 _16134_
   7.00e-07   1.35e-08   8.44e-12   7.14e-07 _16174_
   7.00e-07   1.35e-08   8.44e-12   7.14e-07 _16398_
   7.00e-07   1.35e-08   8.44e-12   7.14e-07 _16430_
   7.00e-07   1.35e-08   8.44e-12   7.14e-07 _16494_
   7.00e-07   1.35e-08   8.44e-12   7.14e-07 _16462_
   7.00e-07   1.35e-08   8.44e-12   7.14e-07 _16144_
   7.00e-07   1.35e-08   8.44e-12   7.14e-07 _16148_
   7.00e-07   1.34e-08   8.44e-12   7.13e-07 _16446_
   7.00e-07   1.34e-08   8.44e-12   7.13e-07 _16508_
   6.99e-07   1.33e-08   8.44e-12   7.13e-07 _16392_
   6.99e-07   1.33e-08   8.44e-12   7.13e-07 _16456_
   6.99e-07   1.33e-08   8.44e-12   7.13e-07 _16500_
   6.99e-07   1.33e-08   8.44e-12   7.13e-07 _16488_
   6.99e-07   1.33e-08   8.44e-12   7.12e-07 _16474_
   6.82e-07   3.09e-08   8.44e-12   7.12e-07 _15323_
   6.69e-07   4.37e-08   8.44e-12   7.12e-07 _16678_
   6.81e-07   3.09e-08   8.44e-12   7.12e-07 _16850_
   6.99e-07   1.32e-08   8.44e-12   7.12e-07 _16476_
   6.69e-07   4.35e-08   8.44e-12   7.12e-07 _16694_
   6.72e-07   4.03e-08   8.44e-12   7.12e-07 _16639_
   6.62e-07   5.00e-08   8.44e-12   7.12e-07 _16655_
   6.98e-07   1.36e-08   8.44e-12   7.12e-07 _16472_
   6.62e-07   4.97e-08   8.44e-12   7.12e-07 _16667_
   6.98e-07   1.31e-08   8.44e-12   7.11e-07 _16162_
   6.81e-07   2.97e-08   8.44e-12   7.11e-07 _15299_
   6.98e-07   1.31e-08   8.44e-12   7.11e-07 _16496_
   6.69e-07   4.17e-08   8.44e-12   7.11e-07 _16656_
   6.69e-07   4.16e-08   8.44e-12   7.11e-07 _16645_
   6.69e-07   4.16e-08   8.44e-12   7.11e-07 _16664_
   6.69e-07   4.16e-08   8.44e-12   7.11e-07 _16672_
   6.69e-07   4.16e-08   8.44e-12   7.11e-07 _16668_
   6.69e-07   4.11e-08   8.44e-12   7.10e-07 _16662_
   6.69e-07   4.11e-08   8.44e-12   7.10e-07 _16666_
   6.69e-07   4.11e-08   8.44e-12   7.10e-07 _16670_
   6.69e-07   4.12e-08   8.44e-12   7.10e-07 _16682_
   6.69e-07   4.12e-08   8.44e-12   7.10e-07 _16685_
   6.69e-07   4.12e-08   8.44e-12   7.10e-07 _16697_
   6.69e-07   4.11e-08   8.44e-12   7.10e-07 _16702_
   6.97e-07   1.28e-08   8.44e-12   7.09e-07 _16140_
   6.69e-07   4.06e-08   8.44e-12   7.09e-07 _16700_
   6.69e-07   4.06e-08   8.44e-12   7.09e-07 _16688_
   6.81e-07   2.76e-08   8.44e-12   7.09e-07 _16861_
   6.59e-07   4.89e-08   8.44e-12   7.08e-07 _16649_
   6.70e-07   3.70e-08   8.44e-12   7.07e-07 _16641_
   6.79e-07   2.73e-08   8.44e-12   7.06e-07 _15645_
   6.79e-07   2.73e-08   8.44e-12   7.06e-07 _15709_
   6.79e-07   2.73e-08   8.44e-12   7.06e-07 _15773_
   6.79e-07   2.73e-08   8.44e-12   7.06e-07 _15837_
   6.78e-07   2.73e-08   8.44e-12   7.05e-07 _15646_
   6.78e-07   2.73e-08   8.44e-12   7.05e-07 _15710_
   6.78e-07   2.73e-08   8.44e-12   7.05e-07 _15838_
   6.78e-07   2.73e-08   8.44e-12   7.05e-07 _15774_
   6.78e-07   2.73e-08   8.44e-12   7.05e-07 _15647_
   6.78e-07   2.73e-08   8.44e-12   7.05e-07 _15711_
   6.78e-07   2.73e-08   8.44e-12   7.05e-07 _15775_
   6.78e-07   2.73e-08   8.44e-12   7.05e-07 _15839_
   6.78e-07   2.73e-08   8.44e-12   7.05e-07 _15648_
   6.78e-07   2.73e-08   8.44e-12   7.05e-07 _15712_
   6.78e-07   2.73e-08   8.44e-12   7.05e-07 _15776_
   6.78e-07   2.73e-08   8.44e-12   7.05e-07 _15840_
   6.78e-07   2.73e-08   8.44e-12   7.05e-07 _15649_
   6.78e-07   2.73e-08   8.44e-12   7.05e-07 _15713_
   6.78e-07   2.73e-08   8.44e-12   7.05e-07 _15777_
   6.78e-07   2.73e-08   8.44e-12   7.05e-07 _15841_
   6.78e-07   2.73e-08   8.44e-12   7.05e-07 _15651_
   6.78e-07   2.73e-08   8.44e-12   7.05e-07 _15652_
   6.78e-07   2.73e-08   8.44e-12   7.05e-07 _15653_
   6.78e-07   2.73e-08   8.44e-12   7.05e-07 _15655_
   6.78e-07   2.73e-08   8.44e-12   7.05e-07 _15656_
   6.78e-07   2.73e-08   8.44e-12   7.05e-07 _15657_
   6.78e-07   2.73e-08   8.44e-12   7.05e-07 _15659_
   6.78e-07   2.73e-08   8.44e-12   7.05e-07 _15662_
   6.78e-07   2.73e-08   8.44e-12   7.05e-07 _15663_
   6.78e-07   2.73e-08   8.44e-12   7.05e-07 _15665_
   6.78e-07   2.73e-08   8.44e-12   7.05e-07 _15667_
   6.78e-07   2.73e-08   8.44e-12   7.05e-07 _15668_
   6.78e-07   2.73e-08   8.44e-12   7.05e-07 _15669_
   6.78e-07   2.73e-08   8.44e-12   7.05e-07 _15671_
   6.78e-07   2.73e-08   8.44e-12   7.05e-07 _15672_
   6.78e-07   2.73e-08   8.44e-12   7.05e-07 _15673_
   6.78e-07   2.73e-08   8.44e-12   7.05e-07 _15676_
   6.78e-07   2.73e-08   8.44e-12   7.05e-07 _15715_
   6.78e-07   2.73e-08   8.44e-12   7.05e-07 _15716_
   6.78e-07   2.73e-08   8.44e-12   7.05e-07 _15717_
   6.78e-07   2.73e-08   8.44e-12   7.05e-07 _15719_
   6.78e-07   2.73e-08   8.44e-12   7.05e-07 _15720_
   6.78e-07   2.73e-08   8.44e-12   7.05e-07 _15721_
   6.78e-07   2.73e-08   8.44e-12   7.05e-07 _15723_
   6.78e-07   2.73e-08   8.44e-12   7.05e-07 _15726_
   6.78e-07   2.73e-08   8.44e-12   7.05e-07 _15727_
   6.78e-07   2.73e-08   8.44e-12   7.05e-07 _15729_
   6.78e-07   2.73e-08   8.44e-12   7.05e-07 _15731_
   6.78e-07   2.73e-08   8.44e-12   7.05e-07 _15732_
   6.78e-07   2.73e-08   8.44e-12   7.05e-07 _15733_
   6.78e-07   2.73e-08   8.44e-12   7.05e-07 _15735_
   6.78e-07   2.73e-08   8.44e-12   7.05e-07 _15736_
   6.78e-07   2.73e-08   8.44e-12   7.05e-07 _15737_
   6.78e-07   2.73e-08   8.44e-12   7.05e-07 _15740_
   6.78e-07   2.73e-08   8.44e-12   7.05e-07 _15849_
   6.78e-07   2.73e-08   8.44e-12   7.05e-07 _15851_
   6.78e-07   2.73e-08   8.44e-12   7.05e-07 _15854_
   6.78e-07   2.73e-08   8.44e-12   7.05e-07 _15855_
   6.78e-07   2.73e-08   8.44e-12   7.05e-07 _15857_
   6.78e-07   2.73e-08   8.44e-12   7.05e-07 _15859_
   6.78e-07   2.73e-08   8.44e-12   7.05e-07 _15860_
   6.78e-07   2.73e-08   8.44e-12   7.05e-07 _15861_
   6.78e-07   2.73e-08   8.44e-12   7.05e-07 _15863_
   6.78e-07   2.73e-08   8.44e-12   7.05e-07 _15864_
   6.78e-07   2.73e-08   8.44e-12   7.05e-07 _15865_
   6.78e-07   2.73e-08   8.44e-12   7.05e-07 _15868_
   6.78e-07   2.73e-08   8.44e-12   7.05e-07 _15779_
   6.78e-07   2.73e-08   8.44e-12   7.05e-07 _15780_
   6.78e-07   2.73e-08   8.44e-12   7.05e-07 _15781_
   6.78e-07   2.73e-08   8.44e-12   7.05e-07 _15783_
   6.78e-07   2.73e-08   8.44e-12   7.05e-07 _15784_
   6.78e-07   2.73e-08   8.44e-12   7.05e-07 _15785_
   6.78e-07   2.73e-08   8.44e-12   7.05e-07 _15787_
   6.78e-07   2.73e-08   8.44e-12   7.05e-07 _15790_
   6.78e-07   2.73e-08   8.44e-12   7.05e-07 _15791_
   6.78e-07   2.73e-08   8.44e-12   7.05e-07 _15793_
   6.78e-07   2.73e-08   8.44e-12   7.05e-07 _15795_
   6.78e-07   2.73e-08   8.44e-12   7.05e-07 _15796_
   6.78e-07   2.73e-08   8.44e-12   7.05e-07 _15797_
   6.78e-07   2.73e-08   8.44e-12   7.05e-07 _15799_
   6.78e-07   2.73e-08   8.44e-12   7.05e-07 _15800_
   6.78e-07   2.73e-08   8.44e-12   7.05e-07 _15801_
   6.78e-07   2.73e-08   8.44e-12   7.05e-07 _15804_
   6.78e-07   2.73e-08   8.44e-12   7.05e-07 _15843_
   6.78e-07   2.73e-08   8.44e-12   7.05e-07 _15844_
   6.78e-07   2.73e-08   8.44e-12   7.05e-07 _15845_
   6.78e-07   2.73e-08   8.44e-12   7.05e-07 _15847_
   6.78e-07   2.73e-08   8.44e-12   7.05e-07 _15848_
   6.62e-07   4.32e-08   8.44e-12   7.05e-07 _16659_
   6.78e-07   2.73e-08   8.44e-12   7.05e-07 _15650_
   6.78e-07   2.73e-08   8.44e-12   7.05e-07 _15654_
   6.78e-07   2.73e-08   8.44e-12   7.05e-07 _15658_
   6.78e-07   2.73e-08   8.44e-12   7.05e-07 _15660_
   6.78e-07   2.73e-08   8.44e-12   7.05e-07 _15661_
   6.78e-07   2.73e-08   8.44e-12   7.05e-07 _15664_
   6.78e-07   2.73e-08   8.44e-12   7.05e-07 _15666_
   6.78e-07   2.73e-08   8.44e-12   7.05e-07 _15670_
   6.78e-07   2.73e-08   8.44e-12   7.05e-07 _15714_
   6.78e-07   2.73e-08   8.44e-12   7.05e-07 _15718_
   6.78e-07   2.73e-08   8.44e-12   7.05e-07 _15722_
   6.78e-07   2.73e-08   8.44e-12   7.05e-07 _15724_
   6.78e-07   2.73e-08   8.44e-12   7.05e-07 _15725_
   6.78e-07   2.73e-08   8.44e-12   7.05e-07 _15728_
   6.78e-07   2.73e-08   8.44e-12   7.05e-07 _15730_
   6.78e-07   2.73e-08   8.44e-12   7.05e-07 _15734_
   6.78e-07   2.73e-08   8.44e-12   7.05e-07 _15850_
   6.78e-07   2.73e-08   8.44e-12   7.05e-07 _15852_
   6.78e-07   2.73e-08   8.44e-12   7.05e-07 _15853_
   6.78e-07   2.73e-08   8.44e-12   7.05e-07 _15856_
   6.78e-07   2.73e-08   8.44e-12   7.05e-07 _15858_
   6.78e-07   2.73e-08   8.44e-12   7.05e-07 _15862_
   6.78e-07   2.73e-08   8.44e-12   7.05e-07 _15778_
   6.78e-07   2.73e-08   8.44e-12   7.05e-07 _15782_
   6.78e-07   2.73e-08   8.44e-12   7.05e-07 _15786_
   6.78e-07   2.73e-08   8.44e-12   7.05e-07 _15788_
   6.78e-07   2.73e-08   8.44e-12   7.05e-07 _15789_
   6.78e-07   2.73e-08   8.44e-12   7.05e-07 _15792_
   6.78e-07   2.73e-08   8.44e-12   7.05e-07 _15794_
   6.78e-07   2.73e-08   8.44e-12   7.05e-07 _15798_
   6.78e-07   2.73e-08   8.44e-12   7.05e-07 _15842_
   6.78e-07   2.73e-08   8.44e-12   7.05e-07 _15846_
   6.78e-07   2.73e-08   8.44e-12   7.05e-07 _15674_
   6.78e-07   2.73e-08   8.44e-12   7.05e-07 _15738_
   6.78e-07   2.73e-08   8.44e-12   7.05e-07 _15866_
   6.78e-07   2.73e-08   8.44e-12   7.05e-07 _15802_
   6.78e-07   2.73e-08   8.44e-12   7.05e-07 _15675_
   6.78e-07   2.73e-08   8.44e-12   7.05e-07 _15739_
   6.78e-07   2.73e-08   8.44e-12   7.05e-07 _15867_
   6.78e-07   2.73e-08   8.44e-12   7.05e-07 _15803_
   6.62e-07   4.31e-08   8.44e-12   7.05e-07 _16674_
   6.93e-07   1.19e-08   8.44e-12   7.05e-07 _16333_
   6.93e-07   1.19e-08   8.44e-12   7.04e-07 _16336_
   6.93e-07   1.19e-08   8.44e-12   7.04e-07 _16368_
   6.92e-07   1.19e-08   8.44e-12   7.04e-07 _16293_
   6.64e-07   4.01e-08   8.44e-12   7.04e-07 _16726_
   6.64e-07   4.04e-08   8.44e-12   7.04e-07 _16730_
   6.64e-07   4.01e-08   8.44e-12   7.04e-07 _16736_
   6.92e-07   1.19e-08   8.44e-12   7.04e-07 _16264_
   6.64e-07   4.00e-08   8.44e-12   7.04e-07 _16842_
   6.92e-07   1.18e-08   8.44e-12   7.04e-07 _16380_
   6.64e-07   3.98e-08   8.44e-12   7.04e-07 _16794_
   6.64e-07   3.98e-08   8.44e-12   7.04e-07 _15312_
   6.91e-07   1.17e-08   8.44e-12   7.03e-07 _16258_
   6.91e-07   1.17e-08   8.44e-12   7.03e-07 _16327_
   6.91e-07   1.17e-08   8.44e-12   7.03e-07 _16359_
   6.91e-07   1.16e-08   8.44e-12   7.02e-07 _16302_
   6.91e-07   1.16e-08   8.44e-12   7.02e-07 _16334_
   6.91e-07   1.16e-08   8.44e-12   7.02e-07 _16366_
   6.91e-07   1.16e-08   8.44e-12   7.02e-07 _16270_
   6.90e-07   1.21e-08   8.44e-12   7.02e-07 _16324_
   6.90e-07   1.15e-08   8.44e-12   7.02e-07 _16318_
   6.93e-07   8.75e-09   8.44e-12   7.02e-07 _16218_
   6.90e-07   1.15e-08   8.44e-12   7.01e-07 _16308_
   6.93e-07   8.75e-09   8.44e-12   7.01e-07 _16244_
   6.93e-07   8.75e-09   8.44e-12   7.01e-07 _16236_
   6.90e-07   1.15e-08   8.44e-12   7.01e-07 _16326_
   6.90e-07   1.14e-08   8.44e-12   7.01e-07 _16294_
   6.90e-07   1.14e-08   8.44e-12   7.01e-07 _16331_
   6.90e-07   1.14e-08   8.44e-12   7.01e-07 _16363_
   6.90e-07   1.14e-08   8.44e-12   7.01e-07 _16267_
   6.90e-07   1.14e-08   8.44e-12   7.01e-07 _16317_
   6.90e-07   1.14e-08   8.44e-12   7.01e-07 _16349_
   6.90e-07   1.14e-08   8.44e-12   7.01e-07 _16253_
   6.90e-07   1.14e-08   8.44e-12   7.01e-07 _16300_
   6.90e-07   1.14e-08   8.44e-12   7.01e-07 _16337_
   6.90e-07   1.14e-08   8.44e-12   7.01e-07 _16369_
   6.90e-07   1.14e-08   8.44e-12   7.01e-07 _16273_
   6.89e-07   1.15e-08   8.44e-12   7.01e-07 _16325_
   6.89e-07   1.15e-08   8.44e-12   7.01e-07 _16357_
   6.89e-07   1.14e-08   8.44e-12   7.01e-07 _16285_
   6.89e-07   1.14e-08   8.44e-12   7.01e-07 _16329_
   6.89e-07   1.14e-08   8.44e-12   7.01e-07 _16361_
   6.89e-07   1.14e-08   8.44e-12   7.01e-07 _16265_
   6.89e-07   1.13e-08   8.44e-12   7.01e-07 _16305_
   6.89e-07   1.13e-08   8.44e-12   7.01e-07 _16287_
   6.89e-07   1.13e-08   8.44e-12   7.01e-07 _16365_
   6.92e-07   8.70e-09   8.44e-12   7.01e-07 _16612_
   6.89e-07   1.13e-08   8.44e-12   7.01e-07 _16340_
   6.89e-07   1.13e-08   8.44e-12   7.01e-07 _16261_
   6.89e-07   1.13e-08   8.44e-12   7.01e-07 _16297_
   6.89e-07   1.13e-08   8.44e-12   7.00e-07 _16284_
   6.89e-07   1.13e-08   8.44e-12   7.00e-07 _16269_
   6.89e-07   1.13e-08   8.44e-12   7.00e-07 _16314_
   6.89e-07   1.13e-08   8.44e-12   7.00e-07 _16301_
   6.89e-07   1.13e-08   8.44e-12   7.00e-07 _16347_
   6.89e-07   1.13e-08   8.44e-12   7.00e-07 _16339_
   6.89e-07   1.13e-08   8.44e-12   7.00e-07 _16371_
   6.89e-07   1.12e-08   8.44e-12   7.00e-07 _16283_
   6.89e-07   1.12e-08   8.44e-12   7.00e-07 _16259_
   6.89e-07   1.12e-08   8.44e-12   7.00e-07 _16323_
   6.89e-07   1.12e-08   8.44e-12   7.00e-07 _16355_
   6.88e-07   1.16e-08   8.44e-12   7.00e-07 _16260_
   6.89e-07   1.12e-08   8.44e-12   7.00e-07 _16291_
   6.88e-07   1.16e-08   8.44e-12   7.00e-07 _16292_
   6.88e-07   1.12e-08   8.44e-12   7.00e-07 _16320_
   6.88e-07   1.12e-08   8.44e-12   7.00e-07 _16303_
   6.88e-07   1.12e-08   8.44e-12   7.00e-07 _16257_
   6.88e-07   1.12e-08   8.44e-12   7.00e-07 _16321_
   6.88e-07   1.12e-08   8.44e-12   7.00e-07 _16353_
   6.88e-07   1.12e-08   8.44e-12   6.99e-07 _16282_
   6.88e-07   1.12e-08   8.44e-12   6.99e-07 _16289_
   6.88e-07   1.15e-08   8.44e-12   6.99e-07 _16356_
   6.88e-07   1.11e-08   8.44e-12   6.99e-07 _16281_
   6.88e-07   1.11e-08   8.44e-12   6.99e-07 _16255_
   6.88e-07   1.11e-08   8.44e-12   6.99e-07 _16319_
   6.88e-07   1.11e-08   8.44e-12   6.99e-07 _16351_
   6.88e-07   1.11e-08   8.44e-12   6.99e-07 _16168_
   6.88e-07   1.11e-08   8.44e-12   6.99e-07 _16131_
   6.88e-07   1.11e-08   8.44e-12   6.99e-07 _16299_
   6.88e-07   1.11e-08   8.44e-12   6.99e-07 _16295_
   6.88e-07   1.11e-08   8.44e-12   6.99e-07 _16313_
   6.88e-07   1.11e-08   8.44e-12   6.99e-07 _16345_
   6.88e-07   1.11e-08   8.44e-12   6.99e-07 _16377_
   6.88e-07   1.11e-08   8.44e-12   6.99e-07 _16160_
   6.88e-07   1.11e-08   8.44e-12   6.99e-07 _16424_
   6.88e-07   1.11e-08   8.44e-12   6.99e-07 _16416_
   6.88e-07   1.11e-08   8.44e-12   6.99e-07 _16167_
   6.88e-07   1.11e-08   8.44e-12   6.99e-07 _16484_
   6.88e-07   1.10e-08   8.44e-12   6.99e-07 _16452_
   6.88e-07   1.10e-08   8.44e-12   6.99e-07 _16460_
   6.88e-07   1.10e-08   8.44e-12   6.99e-07 _16275_
   6.88e-07   1.10e-08   8.44e-12   6.99e-07 _16172_
   6.88e-07   1.10e-08   8.44e-12   6.99e-07 _16180_
   6.88e-07   1.10e-08   8.44e-12   6.99e-07 _16404_
   6.88e-07   1.10e-08   8.44e-12   6.99e-07 _16436_
   6.88e-07   1.10e-08   8.44e-12   6.99e-07 _16396_
   6.88e-07   1.10e-08   8.44e-12   6.99e-07 _16428_
   6.87e-07   1.14e-08   8.44e-12   6.99e-07 _16248_
   6.88e-07   1.10e-08   8.44e-12   6.99e-07 _16464_
   6.87e-07   1.10e-08   8.44e-12   6.98e-07 _16423_
   6.90e-07   8.39e-09   8.44e-12   6.98e-07 _16601_
   6.64e-07   3.43e-08   8.44e-12   6.98e-07 _16734_
   6.64e-07   3.43e-08   8.44e-12   6.98e-07 _16719_
   6.87e-07   1.14e-08   8.44e-12   6.98e-07 _16202_
   6.64e-07   3.39e-08   8.44e-12   6.98e-07 _16862_
   6.87e-07   1.14e-08   8.44e-12   6.98e-07 _16222_
   6.64e-07   3.38e-08   8.44e-12   6.98e-07 _16864_
   6.64e-07   3.38e-08   8.44e-12   6.98e-07 _16727_
   6.64e-07   3.38e-08   8.44e-12   6.98e-07 _16846_
   6.64e-07   3.38e-08   8.44e-12   6.98e-07 _15296_
   6.64e-07   3.38e-08   8.44e-12   6.98e-07 _16737_
   6.64e-07   3.38e-08   8.44e-12   6.98e-07 _16782_
   6.64e-07   3.38e-08   8.44e-12   6.98e-07 _16791_
   6.64e-07   3.38e-08   8.44e-12   6.98e-07 _16712_
   6.64e-07   3.38e-08   8.44e-12   6.98e-07 _15300_
   6.87e-07   1.09e-08   8.44e-12   6.98e-07 _16449_
   6.64e-07   3.38e-08   8.44e-12   6.98e-07 _15309_
   6.64e-07   3.38e-08   8.44e-12   6.98e-07 _16855_
   6.64e-07   3.40e-08   8.44e-12   6.98e-07 _16795_
   6.64e-07   3.36e-08   8.44e-12   6.98e-07 _15316_
   6.87e-07   1.09e-08   8.44e-12   6.98e-07 _16126_
   6.64e-07   3.40e-08   8.44e-12   6.98e-07 _15313_
   6.64e-07   3.36e-08   8.44e-12   6.98e-07 _16798_
   6.87e-07   1.08e-08   8.44e-12   6.97e-07 _16156_
   6.86e-07   1.08e-08   8.44e-12   6.97e-07 _16188_
   6.86e-07   1.08e-08   8.44e-12   6.97e-07 _16444_
   6.86e-07   1.08e-08   8.44e-12   6.97e-07 _16418_
   6.63e-07   3.38e-08   8.44e-12   6.97e-07 _16787_
   6.63e-07   3.38e-08   8.44e-12   6.97e-07 _15305_
   6.86e-07   1.07e-08   8.44e-12   6.97e-07 _16176_
   6.86e-07   1.07e-08   8.44e-12   6.97e-07 _16400_
   6.86e-07   1.07e-08   8.44e-12   6.97e-07 _16432_
   6.86e-07   1.08e-08   8.44e-12   6.97e-07 _16210_
   6.86e-07   1.08e-08   8.44e-12   6.97e-07 _16178_
   6.86e-07   1.08e-08   8.44e-12   6.97e-07 _16434_
   6.86e-07   1.08e-08   8.44e-12   6.97e-07 _16498_
   6.86e-07   1.08e-08   8.44e-12   6.97e-07 _16194_
   6.86e-07   1.08e-08   8.44e-12   6.97e-07 _16198_
   6.86e-07   1.08e-08   8.44e-12   6.97e-07 _16206_
   6.86e-07   1.08e-08   8.44e-12   6.97e-07 _16224_
   6.86e-07   1.07e-08   8.44e-12   6.97e-07 _16158_
   6.86e-07   1.07e-08   8.44e-12   6.97e-07 _16390_
   6.86e-07   1.07e-08   8.44e-12   6.97e-07 _16490_
   6.86e-07   1.07e-08   8.44e-12   6.97e-07 _16414_
   6.86e-07   1.08e-08   8.44e-12   6.97e-07 _16232_
   6.86e-07   1.08e-08   8.44e-12   6.97e-07 _16128_
   6.86e-07   1.07e-08   8.44e-12   6.97e-07 _16169_
   6.86e-07   1.07e-08   8.44e-12   6.97e-07 _16157_
   6.63e-07   3.39e-08   8.44e-12   6.97e-07 _16715_
   6.86e-07   1.07e-08   8.44e-12   6.97e-07 _16177_
   6.86e-07   1.07e-08   8.44e-12   6.97e-07 _16401_
   6.86e-07   1.07e-08   8.44e-12   6.97e-07 _16433_
   6.86e-07   1.07e-08   8.44e-12   6.97e-07 _16497_
   6.86e-07   1.07e-08   8.44e-12   6.97e-07 _16165_
   6.86e-07   1.07e-08   8.44e-12   6.97e-07 _16421_
   6.86e-07   1.07e-08   8.44e-12   6.97e-07 _16485_
   6.86e-07   1.07e-08   8.44e-12   6.97e-07 _16389_
   6.86e-07   1.07e-08   8.44e-12   6.97e-07 _16413_
   6.86e-07   1.07e-08   8.44e-12   6.97e-07 _16477_
   6.86e-07   1.07e-08   8.44e-12   6.97e-07 _16385_
   6.86e-07   1.07e-08   8.44e-12   6.97e-07 _16481_
   6.86e-07   1.07e-08   8.44e-12   6.97e-07 _16393_
   6.86e-07   1.07e-08   8.44e-12   6.97e-07 _16425_
   6.86e-07   1.07e-08   8.44e-12   6.97e-07 _16489_
   6.86e-07   1.07e-08   8.44e-12   6.97e-07 _16381_
   6.86e-07   1.07e-08   8.44e-12   6.97e-07 _16453_
   6.86e-07   1.07e-08   8.44e-12   6.97e-07 _16465_
   6.86e-07   1.08e-08   8.44e-12   6.97e-07 _16242_
   6.86e-07   1.07e-08   8.44e-12   6.96e-07 _16136_
   6.86e-07   1.07e-08   8.44e-12   6.96e-07 _16141_
   6.86e-07   1.07e-08   8.44e-12   6.96e-07 _16461_
   6.86e-07   1.07e-08   8.44e-12   6.96e-07 _16145_
   6.86e-07   1.07e-08   8.44e-12   6.96e-07 _16133_
   6.86e-07   1.07e-08   8.44e-12   6.96e-07 _16173_
   6.86e-07   1.07e-08   8.44e-12   6.96e-07 _16397_
   6.86e-07   1.07e-08   8.44e-12   6.96e-07 _16429_
   6.86e-07   1.07e-08   8.44e-12   6.96e-07 _16493_
   6.86e-07   1.07e-08   8.44e-12   6.96e-07 _16161_
   6.86e-07   1.07e-08   8.44e-12   6.96e-07 _16417_
   6.86e-07   1.07e-08   8.44e-12   6.96e-07 _16311_
   6.86e-07   1.07e-08   8.44e-12   6.96e-07 _16343_
   6.86e-07   1.07e-08   8.44e-12   6.96e-07 _16375_
   6.86e-07   1.07e-08   8.44e-12   6.96e-07 _16279_
   6.86e-07   1.06e-08   8.44e-12   6.96e-07 _16184_
   6.86e-07   1.06e-08   8.44e-12   6.96e-07 _16408_
   6.86e-07   1.06e-08   8.44e-12   6.96e-07 _16440_
   6.86e-07   1.06e-08   8.44e-12   6.96e-07 _16504_
   6.85e-07   1.08e-08   8.44e-12   6.96e-07 _16132_
   6.86e-07   1.06e-08   8.44e-12   6.96e-07 _16175_
   6.86e-07   1.06e-08   8.44e-12   6.96e-07 _16399_
   6.86e-07   1.06e-08   8.44e-12   6.96e-07 _16431_
   6.86e-07   1.06e-08   8.44e-12   6.96e-07 _16495_
   6.86e-07   1.06e-08   8.44e-12   6.96e-07 _16391_
   6.85e-07   1.06e-08   8.44e-12   6.96e-07 _16457_
   6.85e-07   1.06e-08   8.44e-12   6.96e-07 _16451_
   6.85e-07   1.06e-08   8.44e-12   6.96e-07 _16387_
   6.85e-07   1.06e-08   8.44e-12   6.96e-07 _16483_
   6.85e-07   1.06e-08   8.44e-12   6.96e-07 _16163_
   6.85e-07   1.06e-08   8.44e-12   6.96e-07 _16419_
   6.85e-07   1.06e-08   8.44e-12   6.96e-07 _16155_
   6.85e-07   1.06e-08   8.44e-12   6.96e-07 _16445_
   6.85e-07   1.06e-08   8.44e-12   6.96e-07 _16187_
   6.85e-07   1.06e-08   8.44e-12   6.96e-07 _16411_
   6.85e-07   1.06e-08   8.44e-12   6.96e-07 _16443_
   6.85e-07   1.06e-08   8.44e-12   6.96e-07 _16507_
   6.85e-07   1.09e-08   8.44e-12   6.96e-07 _16335_
   6.85e-07   1.09e-08   8.44e-12   6.96e-07 _16367_
   6.85e-07   1.09e-08   8.44e-12   6.96e-07 _16271_
   6.64e-07   3.15e-08   8.44e-12   6.95e-07 _16858_
   6.85e-07   1.05e-08   8.44e-12   6.95e-07 _16127_
   6.85e-07   1.05e-08   8.44e-12   6.95e-07 _16137_
   6.84e-07   1.09e-08   8.44e-12   6.95e-07 _16263_
   6.85e-07   1.05e-08   8.44e-12   6.95e-07 _16143_
   6.85e-07   1.05e-08   8.44e-12   6.95e-07 _16147_
   6.85e-07   1.05e-08   8.44e-12   6.95e-07 _16171_
   6.85e-07   1.05e-08   8.44e-12   6.95e-07 _16179_
   6.85e-07   1.05e-08   8.44e-12   6.95e-07 _16403_
   6.85e-07   1.05e-08   8.44e-12   6.95e-07 _16435_
   6.85e-07   1.05e-08   8.44e-12   6.95e-07 _16499_
   6.85e-07   1.05e-08   8.44e-12   6.95e-07 _16159_
   6.85e-07   1.05e-08   8.44e-12   6.95e-07 _16487_
   6.85e-07   1.05e-08   8.44e-12   6.95e-07 _16395_
   6.85e-07   1.05e-08   8.44e-12   6.95e-07 _16427_
   6.85e-07   1.05e-08   8.44e-12   6.95e-07 _16491_
   6.85e-07   1.05e-08   8.44e-12   6.95e-07 _16415_
   6.85e-07   1.05e-08   8.44e-12   6.95e-07 _16467_
   6.85e-07   1.05e-08   8.44e-12   6.95e-07 _16125_
   6.85e-07   1.05e-08   8.44e-12   6.95e-07 _16463_
   6.85e-07   1.05e-08   8.44e-12   6.95e-07 _16447_
   6.85e-07   1.05e-08   8.44e-12   6.95e-07 _16185_
   6.85e-07   1.05e-08   8.44e-12   6.95e-07 _16409_
   6.85e-07   1.05e-08   8.44e-12   6.95e-07 _16441_
   6.85e-07   1.05e-08   8.44e-12   6.95e-07 _16505_
   6.85e-07   1.05e-08   8.44e-12   6.95e-07 _16473_
   6.85e-07   1.05e-08   8.44e-12   6.95e-07 _16154_
   6.84e-07   1.08e-08   8.44e-12   6.95e-07 _16315_
   6.84e-07   1.08e-08   8.44e-12   6.95e-07 _16379_
   6.84e-07   1.04e-08   8.44e-12   6.95e-07 _16186_
   6.84e-07   1.04e-08   8.44e-12   6.95e-07 _16410_
   6.84e-07   1.04e-08   8.44e-12   6.95e-07 _16442_
   6.84e-07   1.04e-08   8.44e-12   6.95e-07 _16506_
   6.84e-07   1.04e-08   8.44e-12   6.94e-07 _16152_
   6.59e-07   3.45e-08   8.44e-12   6.94e-07 _16652_
   6.83e-07   1.06e-08   8.44e-12   6.94e-07 _16478_
   6.71e-07   2.27e-08   8.44e-12   6.94e-07 _15389_
   6.71e-07   2.27e-08   8.44e-12   6.94e-07 _15390_
   6.71e-07   2.27e-08   8.44e-12   6.94e-07 _15391_
   6.71e-07   2.27e-08   8.44e-12   6.94e-07 _15392_
   6.71e-07   2.27e-08   8.44e-12   6.94e-07 _15393_
   6.71e-07   2.27e-08   8.44e-12   6.94e-07 _15394_
   6.71e-07   2.27e-08   8.44e-12   6.94e-07 _15395_
   6.71e-07   2.27e-08   8.44e-12   6.94e-07 _15396_
   6.71e-07   2.27e-08   8.44e-12   6.94e-07 _15397_
   6.71e-07   2.27e-08   8.44e-12   6.94e-07 _15398_
   6.71e-07   2.27e-08   8.44e-12   6.94e-07 _15399_
   6.71e-07   2.27e-08   8.44e-12   6.94e-07 _15400_
   6.71e-07   2.27e-08   8.44e-12   6.94e-07 _15401_
   6.71e-07   2.27e-08   8.44e-12   6.94e-07 _15402_
   6.71e-07   2.27e-08   8.44e-12   6.94e-07 _15403_
   6.71e-07   2.27e-08   8.44e-12   6.94e-07 _15404_
   6.71e-07   2.27e-08   8.44e-12   6.94e-07 _15405_
   6.71e-07   2.27e-08   8.44e-12   6.94e-07 _15406_
   6.71e-07   2.27e-08   8.44e-12   6.94e-07 _15407_
   6.71e-07   2.27e-08   8.44e-12   6.94e-07 _15408_
   6.71e-07   2.27e-08   8.44e-12   6.94e-07 _15409_
   6.71e-07   2.27e-08   8.44e-12   6.94e-07 _15410_
   6.71e-07   2.27e-08   8.44e-12   6.94e-07 _15411_
   6.71e-07   2.27e-08   8.44e-12   6.94e-07 _15412_
   6.71e-07   2.27e-08   8.44e-12   6.94e-07 _15413_
   6.71e-07   2.27e-08   8.44e-12   6.94e-07 _15414_
   6.71e-07   2.27e-08   8.44e-12   6.94e-07 _15415_
   6.71e-07   2.27e-08   8.44e-12   6.94e-07 _15416_
   6.71e-07   2.27e-08   8.44e-12   6.94e-07 _15417_
   6.71e-07   2.27e-08   8.44e-12   6.94e-07 _15418_
   6.71e-07   2.27e-08   8.44e-12   6.94e-07 _15419_
   6.71e-07   2.27e-08   8.44e-12   6.94e-07 _15420_
   6.71e-07   2.27e-08   8.44e-12   6.94e-07 _15453_
   6.71e-07   2.27e-08   8.44e-12   6.94e-07 _15454_
   6.71e-07   2.27e-08   8.44e-12   6.94e-07 _15455_
   6.71e-07   2.27e-08   8.44e-12   6.94e-07 _15456_
   6.71e-07   2.27e-08   8.44e-12   6.94e-07 _15457_
   6.71e-07   2.27e-08   8.44e-12   6.94e-07 _15458_
   6.71e-07   2.27e-08   8.44e-12   6.94e-07 _15459_
   6.71e-07   2.27e-08   8.44e-12   6.94e-07 _15460_
   6.71e-07   2.27e-08   8.44e-12   6.94e-07 _15461_
   6.71e-07   2.27e-08   8.44e-12   6.94e-07 _15462_
   6.71e-07   2.27e-08   8.44e-12   6.94e-07 _15463_
   6.71e-07   2.27e-08   8.44e-12   6.94e-07 _15464_
   6.71e-07   2.27e-08   8.44e-12   6.94e-07 _15465_
   6.71e-07   2.27e-08   8.44e-12   6.94e-07 _15466_
   6.71e-07   2.27e-08   8.44e-12   6.94e-07 _15467_
   6.71e-07   2.27e-08   8.44e-12   6.94e-07 _15468_
   6.71e-07   2.27e-08   8.44e-12   6.94e-07 _15469_
   6.71e-07   2.27e-08   8.44e-12   6.94e-07 _15470_
   6.71e-07   2.27e-08   8.44e-12   6.94e-07 _15471_
   6.71e-07   2.27e-08   8.44e-12   6.94e-07 _15472_
   6.71e-07   2.27e-08   8.44e-12   6.94e-07 _15473_
   6.71e-07   2.27e-08   8.44e-12   6.94e-07 _15474_
   6.71e-07   2.27e-08   8.44e-12   6.94e-07 _15475_
   6.71e-07   2.27e-08   8.44e-12   6.94e-07 _15476_
   6.71e-07   2.27e-08   8.44e-12   6.94e-07 _15477_
   6.71e-07   2.27e-08   8.44e-12   6.94e-07 _15478_
   6.71e-07   2.27e-08   8.44e-12   6.94e-07 _15479_
   6.71e-07   2.27e-08   8.44e-12   6.94e-07 _15480_
   6.71e-07   2.27e-08   8.44e-12   6.94e-07 _15481_
   6.71e-07   2.27e-08   8.44e-12   6.94e-07 _15482_
   6.71e-07   2.27e-08   8.44e-12   6.94e-07 _15483_
   6.71e-07   2.27e-08   8.44e-12   6.94e-07 _15484_
   6.71e-07   2.27e-08   8.44e-12   6.94e-07 _15517_
   6.71e-07   2.27e-08   8.44e-12   6.94e-07 _15518_
   6.71e-07   2.27e-08   8.44e-12   6.94e-07 _15519_
   6.71e-07   2.27e-08   8.44e-12   6.94e-07 _15520_
   6.71e-07   2.27e-08   8.44e-12   6.94e-07 _15521_
   6.71e-07   2.27e-08   8.44e-12   6.94e-07 _15522_
   6.71e-07   2.27e-08   8.44e-12   6.94e-07 _15523_
   6.71e-07   2.27e-08   8.44e-12   6.94e-07 _15524_
   6.71e-07   2.27e-08   8.44e-12   6.94e-07 _15525_
   6.71e-07   2.27e-08   8.44e-12   6.94e-07 _15526_
   6.71e-07   2.27e-08   8.44e-12   6.94e-07 _15527_
   6.71e-07   2.27e-08   8.44e-12   6.94e-07 _15528_
   6.71e-07   2.27e-08   8.44e-12   6.94e-07 _15529_
   6.71e-07   2.27e-08   8.44e-12   6.94e-07 _15530_
   6.71e-07   2.27e-08   8.44e-12   6.94e-07 _15531_
   6.71e-07   2.27e-08   8.44e-12   6.94e-07 _15532_
   6.71e-07   2.27e-08   8.44e-12   6.94e-07 _15533_
   6.71e-07   2.27e-08   8.44e-12   6.94e-07 _15534_
   6.71e-07   2.27e-08   8.44e-12   6.94e-07 _15535_
   6.71e-07   2.27e-08   8.44e-12   6.94e-07 _15536_
   6.71e-07   2.27e-08   8.44e-12   6.94e-07 _15537_
   6.71e-07   2.27e-08   8.44e-12   6.94e-07 _15538_
   6.71e-07   2.27e-08   8.44e-12   6.94e-07 _15539_
   6.71e-07   2.27e-08   8.44e-12   6.94e-07 _15540_
   6.71e-07   2.27e-08   8.44e-12   6.94e-07 _15541_
   6.71e-07   2.27e-08   8.44e-12   6.94e-07 _15542_
   6.71e-07   2.27e-08   8.44e-12   6.94e-07 _15543_
   6.71e-07   2.27e-08   8.44e-12   6.94e-07 _15544_
   6.71e-07   2.27e-08   8.44e-12   6.94e-07 _15545_
   6.71e-07   2.27e-08   8.44e-12   6.94e-07 _15546_
   6.71e-07   2.27e-08   8.44e-12   6.94e-07 _15547_
   6.71e-07   2.27e-08   8.44e-12   6.94e-07 _15548_
   6.71e-07   2.27e-08   8.44e-12   6.94e-07 _15581_
   6.71e-07   2.27e-08   8.44e-12   6.94e-07 _15582_
   6.71e-07   2.27e-08   8.44e-12   6.94e-07 _15583_
   6.71e-07   2.27e-08   8.44e-12   6.94e-07 _15584_
   6.71e-07   2.27e-08   8.44e-12   6.94e-07 _15585_
   6.71e-07   2.27e-08   8.44e-12   6.94e-07 _15586_
   6.71e-07   2.27e-08   8.44e-12   6.94e-07 _15587_
   6.71e-07   2.27e-08   8.44e-12   6.94e-07 _15588_
   6.71e-07   2.27e-08   8.44e-12   6.94e-07 _15589_
   6.71e-07   2.27e-08   8.44e-12   6.94e-07 _15590_
   6.71e-07   2.27e-08   8.44e-12   6.94e-07 _15591_
   6.71e-07   2.27e-08   8.44e-12   6.94e-07 _15592_
   6.71e-07   2.27e-08   8.44e-12   6.94e-07 _15593_
   6.71e-07   2.27e-08   8.44e-12   6.94e-07 _15594_
   6.71e-07   2.27e-08   8.44e-12   6.94e-07 _15595_
   6.71e-07   2.27e-08   8.44e-12   6.94e-07 _15596_
   6.71e-07   2.27e-08   8.44e-12   6.94e-07 _15597_
   6.71e-07   2.27e-08   8.44e-12   6.94e-07 _15598_
   6.71e-07   2.27e-08   8.44e-12   6.94e-07 _15599_
   6.71e-07   2.27e-08   8.44e-12   6.94e-07 _15600_
   6.71e-07   2.27e-08   8.44e-12   6.94e-07 _15601_
   6.71e-07   2.27e-08   8.44e-12   6.94e-07 _15602_
   6.71e-07   2.27e-08   8.44e-12   6.94e-07 _15603_
   6.71e-07   2.27e-08   8.44e-12   6.94e-07 _15604_
   6.71e-07   2.27e-08   8.44e-12   6.94e-07 _15605_
   6.71e-07   2.27e-08   8.44e-12   6.94e-07 _15606_
   6.71e-07   2.27e-08   8.44e-12   6.94e-07 _15607_
   6.71e-07   2.27e-08   8.44e-12   6.94e-07 _15608_
   6.71e-07   2.27e-08   8.44e-12   6.94e-07 _15609_
   6.71e-07   2.27e-08   8.44e-12   6.94e-07 _15610_
   6.71e-07   2.27e-08   8.44e-12   6.94e-07 _15611_
   6.71e-07   2.27e-08   8.44e-12   6.94e-07 _15612_
   6.71e-07   2.27e-08   8.44e-12   6.94e-07 _15965_
   6.71e-07   2.27e-08   8.44e-12   6.94e-07 _15966_
   6.71e-07   2.27e-08   8.44e-12   6.94e-07 _15967_
   6.71e-07   2.27e-08   8.44e-12   6.94e-07 _15968_
   6.71e-07   2.27e-08   8.44e-12   6.94e-07 _15969_
   6.71e-07   2.27e-08   8.44e-12   6.94e-07 _15970_
   6.71e-07   2.27e-08   8.44e-12   6.94e-07 _15971_
   6.71e-07   2.27e-08   8.44e-12   6.94e-07 _15972_
   6.71e-07   2.27e-08   8.44e-12   6.94e-07 _15973_
   6.71e-07   2.27e-08   8.44e-12   6.94e-07 _15974_
   6.71e-07   2.27e-08   8.44e-12   6.94e-07 _15975_
   6.71e-07   2.27e-08   8.44e-12   6.94e-07 _15976_
   6.71e-07   2.27e-08   8.44e-12   6.94e-07 _15977_
   6.71e-07   2.27e-08   8.44e-12   6.94e-07 _15978_
   6.71e-07   2.27e-08   8.44e-12   6.94e-07 _15979_
   6.71e-07   2.27e-08   8.44e-12   6.94e-07 _15980_
   6.71e-07   2.27e-08   8.44e-12   6.94e-07 _15981_
   6.71e-07   2.27e-08   8.44e-12   6.94e-07 _15982_
   6.71e-07   2.27e-08   8.44e-12   6.94e-07 _15983_
   6.71e-07   2.27e-08   8.44e-12   6.94e-07 _15984_
   6.71e-07   2.27e-08   8.44e-12   6.94e-07 _15985_
   6.71e-07   2.27e-08   8.44e-12   6.94e-07 _15986_
   6.71e-07   2.27e-08   8.44e-12   6.94e-07 _15987_
   6.71e-07   2.27e-08   8.44e-12   6.94e-07 _15988_
   6.71e-07   2.27e-08   8.44e-12   6.94e-07 _15989_
   6.71e-07   2.27e-08   8.44e-12   6.94e-07 _15990_
   6.71e-07   2.27e-08   8.44e-12   6.94e-07 _15991_
   6.71e-07   2.27e-08   8.44e-12   6.94e-07 _15992_
   6.71e-07   2.27e-08   8.44e-12   6.94e-07 _15993_
   6.71e-07   2.27e-08   8.44e-12   6.94e-07 _15994_
   6.71e-07   2.27e-08   8.44e-12   6.94e-07 _15995_
   6.71e-07   2.27e-08   8.44e-12   6.94e-07 _15996_
   6.71e-07   2.27e-08   8.44e-12   6.94e-07 _16029_
   6.71e-07   2.27e-08   8.44e-12   6.94e-07 _16030_
   6.71e-07   2.27e-08   8.44e-12   6.94e-07 _16031_
   6.71e-07   2.27e-08   8.44e-12   6.94e-07 _16032_
   6.71e-07   2.27e-08   8.44e-12   6.94e-07 _16033_
   6.71e-07   2.27e-08   8.44e-12   6.94e-07 _16034_
   6.71e-07   2.27e-08   8.44e-12   6.94e-07 _16035_
   6.71e-07   2.27e-08   8.44e-12   6.94e-07 _16036_
   6.71e-07   2.27e-08   8.44e-12   6.94e-07 _16037_
   6.71e-07   2.27e-08   8.44e-12   6.94e-07 _16038_
   6.71e-07   2.27e-08   8.44e-12   6.94e-07 _16039_
   6.71e-07   2.27e-08   8.44e-12   6.94e-07 _16040_
   6.71e-07   2.27e-08   8.44e-12   6.94e-07 _16041_
   6.71e-07   2.27e-08   8.44e-12   6.94e-07 _16042_
   6.71e-07   2.27e-08   8.44e-12   6.94e-07 _16043_
   6.71e-07   2.27e-08   8.44e-12   6.94e-07 _16044_
   6.71e-07   2.27e-08   8.44e-12   6.94e-07 _16045_
   6.71e-07   2.27e-08   8.44e-12   6.94e-07 _16046_
   6.71e-07   2.27e-08   8.44e-12   6.94e-07 _16047_
   6.71e-07   2.27e-08   8.44e-12   6.94e-07 _16048_
   6.71e-07   2.27e-08   8.44e-12   6.94e-07 _16049_
   6.71e-07   2.27e-08   8.44e-12   6.94e-07 _16050_
   6.71e-07   2.27e-08   8.44e-12   6.94e-07 _16051_
   6.71e-07   2.27e-08   8.44e-12   6.94e-07 _16052_
   6.71e-07   2.27e-08   8.44e-12   6.94e-07 _16053_
   6.71e-07   2.27e-08   8.44e-12   6.94e-07 _16054_
   6.71e-07   2.27e-08   8.44e-12   6.94e-07 _16055_
   6.71e-07   2.27e-08   8.44e-12   6.94e-07 _16056_
   6.71e-07   2.27e-08   8.44e-12   6.94e-07 _16057_
   6.71e-07   2.27e-08   8.44e-12   6.94e-07 _16058_
   6.71e-07   2.27e-08   8.44e-12   6.94e-07 _16059_
   6.71e-07   2.27e-08   8.44e-12   6.94e-07 _16060_
   6.71e-07   2.27e-08   8.44e-12   6.94e-07 _16093_
   6.71e-07   2.27e-08   8.44e-12   6.94e-07 _16094_
   6.71e-07   2.27e-08   8.44e-12   6.94e-07 _16095_
   6.71e-07   2.27e-08   8.44e-12   6.94e-07 _16096_
   6.71e-07   2.27e-08   8.44e-12   6.94e-07 _16097_
   6.71e-07   2.27e-08   8.44e-12   6.94e-07 _16098_
   6.71e-07   2.27e-08   8.44e-12   6.94e-07 _16099_
   6.71e-07   2.27e-08   8.44e-12   6.94e-07 _16100_
   6.71e-07   2.27e-08   8.44e-12   6.94e-07 _16101_
   6.71e-07   2.27e-08   8.44e-12   6.94e-07 _16102_
   6.71e-07   2.27e-08   8.44e-12   6.94e-07 _16103_
   6.71e-07   2.27e-08   8.44e-12   6.94e-07 _16104_
   6.71e-07   2.27e-08   8.44e-12   6.94e-07 _16105_
   6.71e-07   2.27e-08   8.44e-12   6.94e-07 _16106_
   6.71e-07   2.27e-08   8.44e-12   6.94e-07 _16107_
   6.71e-07   2.27e-08   8.44e-12   6.94e-07 _16108_
   6.71e-07   2.27e-08   8.44e-12   6.94e-07 _16109_
   6.71e-07   2.27e-08   8.44e-12   6.94e-07 _16110_
   6.71e-07   2.27e-08   8.44e-12   6.94e-07 _16111_
   6.71e-07   2.27e-08   8.44e-12   6.94e-07 _16112_
   6.71e-07   2.27e-08   8.44e-12   6.94e-07 _16113_
   6.71e-07   2.27e-08   8.44e-12   6.94e-07 _16114_
   6.71e-07   2.27e-08   8.44e-12   6.94e-07 _16115_
   6.71e-07   2.27e-08   8.44e-12   6.94e-07 _16116_
   6.71e-07   2.27e-08   8.44e-12   6.94e-07 _16117_
   6.71e-07   2.27e-08   8.44e-12   6.94e-07 _16118_
   6.71e-07   2.27e-08   8.44e-12   6.94e-07 _16119_
   6.71e-07   2.27e-08   8.44e-12   6.94e-07 _16120_
   6.71e-07   2.27e-08   8.44e-12   6.94e-07 _16121_
   6.71e-07   2.27e-08   8.44e-12   6.94e-07 _16122_
   6.71e-07   2.27e-08   8.44e-12   6.94e-07 _16123_
   6.71e-07   2.27e-08   8.44e-12   6.94e-07 _16124_
   6.71e-07   2.27e-08   8.44e-12   6.94e-07 _15901_
   6.71e-07   2.27e-08   8.44e-12   6.94e-07 _15902_
   6.71e-07   2.27e-08   8.44e-12   6.94e-07 _15903_
   6.71e-07   2.27e-08   8.44e-12   6.94e-07 _15904_
   6.71e-07   2.27e-08   8.44e-12   6.94e-07 _15905_
   6.71e-07   2.27e-08   8.44e-12   6.94e-07 _15906_
   6.71e-07   2.27e-08   8.44e-12   6.94e-07 _15907_
   6.71e-07   2.27e-08   8.44e-12   6.94e-07 _15908_
   6.71e-07   2.27e-08   8.44e-12   6.94e-07 _15909_
   6.71e-07   2.27e-08   8.44e-12   6.94e-07 _15910_
   6.71e-07   2.27e-08   8.44e-12   6.94e-07 _15911_
   6.71e-07   2.27e-08   8.44e-12   6.94e-07 _15912_
   6.71e-07   2.27e-08   8.44e-12   6.94e-07 _15913_
   6.71e-07   2.27e-08   8.44e-12   6.94e-07 _15914_
   6.71e-07   2.27e-08   8.44e-12   6.94e-07 _15915_
   6.71e-07   2.27e-08   8.44e-12   6.94e-07 _15916_
   6.71e-07   2.27e-08   8.44e-12   6.94e-07 _15917_
   6.71e-07   2.27e-08   8.44e-12   6.94e-07 _15918_
   6.71e-07   2.27e-08   8.44e-12   6.94e-07 _15919_
   6.71e-07   2.27e-08   8.44e-12   6.94e-07 _15920_
   6.71e-07   2.27e-08   8.44e-12   6.94e-07 _15921_
   6.71e-07   2.27e-08   8.44e-12   6.94e-07 _15922_
   6.71e-07   2.27e-08   8.44e-12   6.94e-07 _15923_
   6.71e-07   2.27e-08   8.44e-12   6.94e-07 _15924_
   6.71e-07   2.27e-08   8.44e-12   6.94e-07 _15925_
   6.71e-07   2.27e-08   8.44e-12   6.94e-07 _15926_
   6.71e-07   2.27e-08   8.44e-12   6.94e-07 _15927_
   6.71e-07   2.27e-08   8.44e-12   6.94e-07 _15928_
   6.71e-07   2.27e-08   8.44e-12   6.94e-07 _15929_
   6.71e-07   2.27e-08   8.44e-12   6.94e-07 _15930_
   6.71e-07   2.27e-08   8.44e-12   6.94e-07 _15931_
   6.71e-07   2.27e-08   8.44e-12   6.94e-07 _15932_
   6.83e-07   1.06e-08   8.44e-12   6.93e-07 _16458_
   6.83e-07   1.01e-08   8.44e-12   6.93e-07 _16278_
   6.83e-07   1.01e-08   8.44e-12   6.93e-07 _16310_
   6.83e-07   1.01e-08   8.44e-12   6.93e-07 _16342_
   6.83e-07   1.01e-08   8.44e-12   6.93e-07 _16374_
   6.82e-07   1.04e-08   8.44e-12   6.92e-07 _16139_
   6.82e-07   1.04e-08   8.44e-12   6.92e-07 _16129_
   6.64e-07   2.80e-08   8.44e-12   6.92e-07 _16802_
   6.82e-07   1.03e-08   8.44e-12   6.92e-07 _16135_
   6.82e-07   9.95e-09   8.44e-12   6.92e-07 _16151_
   6.64e-07   2.80e-08   8.44e-12   6.92e-07 _16783_
   6.81e-07   1.03e-08   8.44e-12   6.91e-07 _16459_
   6.81e-07   1.02e-08   8.44e-12   6.91e-07 _16383_
   6.81e-07   1.02e-08   8.44e-12   6.91e-07 _16479_
   6.81e-07   1.02e-08   8.44e-12   6.91e-07 _16455_
   6.81e-07   1.02e-08   8.44e-12   6.91e-07 _16153_
   6.81e-07   1.02e-08   8.44e-12   6.91e-07 _16475_
   6.64e-07   2.69e-08   8.44e-12   6.91e-07 _16801_
   6.81e-07   9.72e-09   8.44e-12   6.90e-07 _16569_
   6.81e-07   9.70e-09   8.44e-12   6.90e-07 _16570_
   6.64e-07   2.58e-08   8.44e-12   6.90e-07 _16848_
   6.64e-07   2.58e-08   8.44e-12   6.90e-07 _15302_
   6.80e-07   9.67e-09   8.44e-12   6.90e-07 _16558_
   6.80e-07   9.67e-09   8.44e-12   6.90e-07 _16575_
   6.64e-07   2.58e-08   8.44e-12   6.90e-07 _16805_
   6.80e-07   9.66e-09   8.44e-12   6.90e-07 _16568_
   6.64e-07   2.58e-08   8.44e-12   6.90e-07 _16784_
   6.64e-07   2.58e-08   8.44e-12   6.90e-07 _15308_
   6.64e-07   2.58e-08   8.44e-12   6.90e-07 _16854_
   6.64e-07   2.58e-08   8.44e-12   6.90e-07 _15319_
   6.64e-07   2.58e-08   8.44e-12   6.90e-07 _16797_
   6.64e-07   2.58e-08   8.44e-12   6.90e-07 _15315_
   6.64e-07   2.58e-08   8.44e-12   6.90e-07 _16845_
   6.64e-07   2.55e-08   8.44e-12   6.90e-07 _16790_
   6.80e-07   9.62e-09   8.44e-12   6.90e-07 _16150_
   6.80e-07   9.62e-09   8.44e-12   6.90e-07 _16182_
   6.80e-07   9.62e-09   8.44e-12   6.90e-07 _16406_
   6.80e-07   9.62e-09   8.44e-12   6.90e-07 _16438_
   6.80e-07   9.62e-09   8.44e-12   6.90e-07 _16470_
   6.80e-07   9.62e-09   8.44e-12   6.90e-07 _16502_
   6.80e-07   9.59e-09   8.44e-12   6.90e-07 _16574_
   6.64e-07   2.55e-08   8.44e-12   6.89e-07 _16714_
   6.80e-07   9.33e-09   8.44e-12   6.89e-07 _16637_
   6.64e-07   2.55e-08   8.44e-12   6.89e-07 _16718_
   6.80e-07   9.59e-09   8.44e-12   6.89e-07 _16551_
   6.64e-07   2.58e-08   8.44e-12   6.89e-07 _16857_
   6.80e-07   9.58e-09   8.44e-12   6.89e-07 _16557_
   6.64e-07   2.55e-08   8.44e-12   6.89e-07 _16739_
   6.80e-07   9.57e-09   8.44e-12   6.89e-07 _16543_
   6.63e-07   2.58e-08   8.44e-12   6.89e-07 _16793_
   6.64e-07   2.55e-08   8.44e-12   6.89e-07 _16721_
   6.80e-07   9.53e-09   8.44e-12   6.89e-07 _16196_
   6.63e-07   2.58e-08   8.44e-12   6.89e-07 _15311_
   6.80e-07   9.53e-09   8.44e-12   6.89e-07 _16571_
   6.64e-07   2.55e-08   8.44e-12   6.89e-07 _16729_
   6.63e-07   2.58e-08   8.44e-12   6.89e-07 _16851_
   6.80e-07   9.53e-09   8.44e-12   6.89e-07 _16567_
   6.80e-07   9.53e-09   8.44e-12   6.89e-07 _16277_
   6.80e-07   9.53e-09   8.44e-12   6.89e-07 _16309_
   6.80e-07   9.53e-09   8.44e-12   6.89e-07 _16341_
   6.80e-07   9.53e-09   8.44e-12   6.89e-07 _16373_
   6.79e-07   9.53e-09   8.44e-12   6.89e-07 _16228_
   6.79e-07   9.52e-09   8.44e-12   6.89e-07 _16572_
   6.79e-07   9.49e-09   8.44e-12   6.89e-07 _16560_
   6.79e-07   9.49e-09   8.44e-12   6.89e-07 _16559_
   6.79e-07   9.46e-09   8.44e-12   6.89e-07 _16576_
   6.79e-07   9.46e-09   8.44e-12   6.88e-07 _16553_
   6.79e-07   9.43e-09   8.44e-12   6.88e-07 _16562_
   6.79e-07   9.43e-09   8.44e-12   6.88e-07 _16564_
   6.79e-07   9.44e-09   8.44e-12   6.88e-07 _16580_
   6.79e-07   9.41e-09   8.44e-12   6.88e-07 _16545_
   6.79e-07   9.40e-09   8.44e-12   6.88e-07 _16578_
   6.79e-07   9.39e-09   8.44e-12   6.88e-07 _16563_
   6.79e-07   9.40e-09   8.44e-12   6.88e-07 _16552_
   6.79e-07   9.39e-09   8.44e-12   6.88e-07 _16541_
   6.79e-07   9.39e-09   8.44e-12   6.88e-07 _16542_
   6.79e-07   9.36e-09   8.44e-12   6.88e-07 _16550_
   6.78e-07   9.69e-09   8.44e-12   6.88e-07 _16183_
   6.78e-07   9.69e-09   8.44e-12   6.88e-07 _16407_
   6.78e-07   9.69e-09   8.44e-12   6.88e-07 _16439_
   6.78e-07   9.69e-09   8.44e-12   6.88e-07 _16471_
   6.78e-07   9.69e-09   8.44e-12   6.88e-07 _16503_
   6.78e-07   9.31e-09   8.44e-12   6.88e-07 _16561_
   6.78e-07   9.31e-09   8.44e-12   6.88e-07 _16555_
   6.78e-07   9.31e-09   8.44e-12   6.88e-07 _16579_
   6.78e-07   9.30e-09   8.44e-12   6.88e-07 _16546_
   6.78e-07   9.28e-09   8.44e-12   6.87e-07 _16556_
   6.78e-07   9.27e-09   8.44e-12   6.87e-07 _16544_
   6.78e-07   9.22e-09   8.44e-12   6.87e-07 _16577_
   6.78e-07   9.16e-09   8.44e-12   6.87e-07 _16204_
   6.78e-07   9.16e-09   8.44e-12   6.87e-07 _16208_
   6.78e-07   9.16e-09   8.44e-12   6.87e-07 _16220_
   6.78e-07   9.16e-09   8.44e-12   6.87e-07 _16212_
   6.78e-07   9.16e-09   8.44e-12   6.87e-07 _16216_
   6.78e-07   9.16e-09   8.44e-12   6.87e-07 _16200_
   6.78e-07   9.16e-09   8.44e-12   6.87e-07 _16234_
   6.78e-07   9.16e-09   8.44e-12   6.87e-07 _16230_
   6.64e-07   2.26e-08   8.44e-12   6.87e-07 _16720_
   6.78e-07   9.16e-09   8.44e-12   6.87e-07 _16238_
   6.78e-07   9.16e-09   8.44e-12   6.87e-07 _16190_
   6.78e-07   9.16e-09   8.44e-12   6.87e-07 _16149_
   6.78e-07   9.16e-09   8.44e-12   6.87e-07 _16181_
   6.78e-07   9.16e-09   8.44e-12   6.87e-07 _16240_
   6.78e-07   9.16e-09   8.44e-12   6.87e-07 _16405_
   6.78e-07   9.16e-09   8.44e-12   6.87e-07 _16437_
   6.78e-07   9.16e-09   8.44e-12   6.87e-07 _16469_
   6.78e-07   9.16e-09   8.44e-12   6.87e-07 _16501_
   6.78e-07   9.16e-09   8.44e-12   6.87e-07 _16516_
   6.64e-07   2.27e-08   8.44e-12   6.87e-07 _16786_
   6.77e-07   9.12e-09   8.44e-12   6.87e-07 _16547_
   6.64e-07   2.27e-08   8.44e-12   6.87e-07 _15304_
   6.64e-07   2.23e-08   8.44e-12   6.86e-07 _16728_
   6.64e-07   2.27e-08   8.44e-12   6.86e-07 _15321_
   6.64e-07   2.23e-08   8.44e-12   6.86e-07 _16792_
   6.64e-07   2.23e-08   8.44e-12   6.86e-07 _16865_
   6.64e-07   2.23e-08   8.44e-12   6.86e-07 _15310_
   6.64e-07   2.23e-08   8.44e-12   6.86e-07 _16738_
   6.77e-07   9.11e-09   8.44e-12   6.86e-07 _16549_
   6.64e-07   2.19e-08   8.44e-12   6.86e-07 _16742_
   6.64e-07   2.19e-08   8.44e-12   6.86e-07 _16870_
   6.64e-07   2.19e-08   8.44e-12   6.86e-07 _15324_
   6.64e-07   2.16e-08   8.44e-12   6.86e-07 _16806_
   6.64e-07   2.19e-08   8.44e-12   6.86e-07 _15294_
   6.77e-07   9.01e-09   8.44e-12   6.86e-07 _16554_
   6.63e-07   2.24e-08   8.44e-12   6.85e-07 _16779_
   6.63e-07   2.19e-08   8.44e-12   6.85e-07 _16839_
   6.63e-07   2.19e-08   8.44e-12   6.85e-07 _15293_
   6.63e-07   2.19e-08   8.44e-12   6.85e-07 _16775_
   6.64e-07   2.09e-08   8.44e-12   6.85e-07 _16853_
   6.75e-07   8.67e-09   8.44e-12   6.84e-07 _16241_
   6.75e-07   8.67e-09   8.44e-12   6.84e-07 _16237_
   6.75e-07   8.67e-09   8.44e-12   6.84e-07 _16193_
   6.75e-07   8.67e-09   8.44e-12   6.84e-07 _16252_
   6.75e-07   8.67e-09   8.44e-12   6.84e-07 _16195_
   6.75e-07   8.67e-09   8.44e-12   6.84e-07 _16251_
   6.75e-07   8.67e-09   8.44e-12   6.84e-07 _16250_
   6.75e-07   8.67e-09   8.44e-12   6.84e-07 _16239_
   6.75e-07   8.67e-09   8.44e-12   6.84e-07 _16189_
   6.75e-07   8.67e-09   8.44e-12   6.84e-07 _16191_
   6.75e-07   8.67e-09   8.44e-12   6.84e-07 _16207_
   6.75e-07   8.67e-09   8.44e-12   6.84e-07 _16219_
   6.75e-07   8.67e-09   8.44e-12   6.84e-07 _16211_
   6.75e-07   8.67e-09   8.44e-12   6.84e-07 _16249_
   6.75e-07   8.67e-09   8.44e-12   6.84e-07 _16201_
   6.75e-07   8.67e-09   8.44e-12   6.84e-07 _16217_
   6.75e-07   8.67e-09   8.44e-12   6.84e-07 _16233_
   6.75e-07   8.67e-09   8.44e-12   6.84e-07 _16221_
   6.75e-07   8.67e-09   8.44e-12   6.84e-07 _16209_
   6.75e-07   8.67e-09   8.44e-12   6.84e-07 _16205_
   6.75e-07   8.67e-09   8.44e-12   6.84e-07 _16243_
   6.75e-07   8.67e-09   8.44e-12   6.84e-07 _16197_
   6.75e-07   8.67e-09   8.44e-12   6.84e-07 _16235_
   6.64e-07   2.02e-08   8.44e-12   6.84e-07 _16859_
   6.75e-07   8.67e-09   8.44e-12   6.84e-07 _16223_
   6.75e-07   8.67e-09   8.44e-12   6.84e-07 _16231_
   6.75e-07   8.67e-09   8.44e-12   6.84e-07 _16246_
   6.75e-07   8.67e-09   8.44e-12   6.84e-07 _16538_
   6.75e-07   8.67e-09   8.44e-12   6.84e-07 _16539_
   6.75e-07   8.67e-09   8.44e-12   6.84e-07 _16214_
   6.75e-07   8.67e-09   8.44e-12   6.84e-07 _16531_
   6.75e-07   8.67e-09   8.44e-12   6.84e-07 _16602_
   6.75e-07   8.67e-09   8.44e-12   6.84e-07 _16515_
   6.75e-07   8.67e-09   8.44e-12   6.84e-07 _16526_
   6.75e-07   8.67e-09   8.44e-12   6.84e-07 _16510_
   6.75e-07   8.67e-09   8.44e-12   6.84e-07 _16532_
   6.75e-07   8.67e-09   8.44e-12   6.84e-07 _16511_
   6.75e-07   8.67e-09   8.44e-12   6.84e-07 _16525_
   6.75e-07   8.67e-09   8.44e-12   6.84e-07 _16513_
   6.75e-07   8.67e-09   8.44e-12   6.84e-07 _16528_
   6.75e-07   8.67e-09   8.44e-12   6.84e-07 _16245_
   6.75e-07   8.67e-09   8.44e-12   6.84e-07 _16599_
   6.75e-07   8.67e-09   8.44e-12   6.84e-07 _16213_
   6.75e-07   8.67e-09   8.44e-12   6.84e-07 _16605_
   6.75e-07   8.67e-09   8.44e-12   6.84e-07 _16514_
   6.75e-07   8.67e-09   8.44e-12   6.84e-07 _16537_
   6.75e-07   8.67e-09   8.44e-12   6.84e-07 _16631_
   6.75e-07   8.67e-09   8.44e-12   6.84e-07 _16540_
   6.75e-07   8.67e-09   8.44e-12   6.84e-07 _16512_
   6.75e-07   8.67e-09   8.44e-12   6.84e-07 _16527_
   6.75e-07   8.67e-09   8.44e-12   6.84e-07 _16592_
   6.75e-07   8.67e-09   8.44e-12   6.84e-07 _16536_
   6.75e-07   8.67e-09   8.44e-12   6.84e-07 _16630_
   6.75e-07   8.67e-09   8.44e-12   6.84e-07 _16530_
   6.75e-07   8.67e-09   8.44e-12   6.84e-07 _16523_
   6.75e-07   8.67e-09   8.44e-12   6.84e-07 _16587_
   6.75e-07   8.67e-09   8.44e-12   6.84e-07 _16594_
   6.75e-07   8.67e-09   8.44e-12   6.84e-07 _16589_
   6.75e-07   8.67e-09   8.44e-12   6.84e-07 _16634_
   6.75e-07   8.67e-09   8.44e-12   6.84e-07 _16517_
   6.75e-07   8.67e-09   8.44e-12   6.84e-07 _16529_
   6.75e-07   8.67e-09   8.44e-12   6.84e-07 _16581_
   6.75e-07   8.67e-09   8.44e-12   6.84e-07 _16591_
   6.75e-07   8.67e-09   8.44e-12   6.84e-07 _16509_
   6.75e-07   8.67e-09   8.44e-12   6.84e-07 _16573_
   6.75e-07   8.67e-09   8.44e-12   6.84e-07 _16624_
   6.75e-07   8.67e-09   8.44e-12   6.84e-07 _16610_
   6.75e-07   8.67e-09   8.44e-12   6.84e-07 _16535_
   6.75e-07   8.67e-09   8.44e-12   6.84e-07 _16566_
   6.75e-07   8.67e-09   8.44e-12   6.84e-07 _16598_
   6.75e-07   8.67e-09   8.44e-12   6.84e-07 _16629_
   6.75e-07   8.67e-09   8.44e-12   6.84e-07 _16593_
   6.75e-07   8.67e-09   8.44e-12   6.84e-07 _16617_
   6.75e-07   8.67e-09   8.44e-12   6.84e-07 _16590_
   6.75e-07   8.67e-09   8.44e-12   6.84e-07 _16524_
   6.75e-07   8.67e-09   8.44e-12   6.84e-07 _16588_
   6.75e-07   8.67e-09   8.44e-12   6.84e-07 _16522_
   6.75e-07   8.67e-09   8.44e-12   6.84e-07 _16586_
   6.75e-07   8.67e-09   8.44e-12   6.84e-07 _16518_
   6.75e-07   8.67e-09   8.44e-12   6.84e-07 _16582_
   6.75e-07   8.67e-09   8.44e-12   6.84e-07 _16519_
   6.75e-07   8.67e-09   8.44e-12   6.84e-07 _16583_
   6.75e-07   8.67e-09   8.44e-12   6.84e-07 _16520_
   6.75e-07   8.67e-09   8.44e-12   6.84e-07 _16584_
   6.75e-07   8.67e-09   8.44e-12   6.84e-07 _16521_
   6.75e-07   8.67e-09   8.44e-12   6.84e-07 _16585_
   6.75e-07   8.67e-09   8.44e-12   6.84e-07 _16533_
   6.75e-07   8.67e-09   8.44e-12   6.84e-07 _16534_
   6.75e-07   8.67e-09   8.44e-12   6.84e-07 _16565_
   6.75e-07   8.67e-09   8.44e-12   6.84e-07 _16597_
   6.74e-07   8.94e-09   8.44e-12   6.83e-07 _16227_
   6.74e-07   8.87e-09   8.44e-12   6.83e-07 _16192_
   6.74e-07   8.61e-09   8.44e-12   6.83e-07 _16548_
   6.74e-07   8.87e-09   8.44e-12   6.83e-07 _16226_
   6.71e-07   8.36e-09   8.44e-12   6.80e-07 _16203_
   6.71e-07   8.36e-09   8.44e-12   6.80e-07 _16225_
   6.71e-07   8.36e-09   8.44e-12   6.80e-07 _16199_
   6.71e-07   8.36e-09   8.44e-12   6.80e-07 _16229_
   6.71e-07   8.36e-09   8.44e-12   6.80e-07 _16247_
   6.71e-07   8.36e-09   8.44e-12   6.80e-07 _16215_
   6.73e-07   6.50e-09   8.44e-12   6.80e-07 _16619_
   6.73e-07   6.50e-09   8.44e-12   6.80e-07 _16603_
   6.73e-07   6.50e-09   8.44e-12   6.80e-07 _16635_
   6.73e-07   6.50e-09   8.44e-12   6.80e-07 _16595_
   6.73e-07   6.50e-09   8.44e-12   6.80e-07 _16620_
   6.73e-07   6.50e-09   8.44e-12   6.80e-07 _16636_
   6.73e-07   6.50e-09   8.44e-12   6.80e-07 _16596_
   6.73e-07   6.50e-09   8.44e-12   6.80e-07 _16626_
   6.73e-07   6.50e-09   8.44e-12   6.80e-07 _16618_
   6.73e-07   6.50e-09   8.44e-12   6.80e-07 _16604_
   6.73e-07   6.50e-09   8.44e-12   6.80e-07 _16600_
   6.73e-07   6.50e-09   8.44e-12   6.80e-07 _16632_
   6.73e-07   6.50e-09   8.44e-12   6.80e-07 _16606_
   6.73e-07   6.50e-09   8.44e-12   6.80e-07 _16625_
   6.73e-07   6.50e-09   8.44e-12   6.80e-07 _16611_
   6.73e-07   6.50e-09   8.44e-12   6.80e-07 _16627_
   6.73e-07   6.50e-09   8.44e-12   6.80e-07 _16628_
   6.73e-07   6.50e-09   8.44e-12   6.80e-07 _16613_
   6.73e-07   6.50e-09   8.44e-12   6.80e-07 _16621_
   6.73e-07   6.50e-09   8.44e-12   6.80e-07 _16607_
   6.73e-07   6.50e-09   8.44e-12   6.80e-07 _16633_
   6.73e-07   6.50e-09   8.44e-12   6.79e-07 _16614_
   6.73e-07   6.50e-09   8.44e-12   6.79e-07 _16622_
   6.73e-07   6.50e-09   8.44e-12   6.79e-07 _16608_
   6.73e-07   6.50e-09   8.44e-12   6.79e-07 _16615_
   6.73e-07   6.50e-09   8.44e-12   6.79e-07 _16623_
   6.73e-07   6.50e-09   8.44e-12   6.79e-07 _16609_
   6.73e-07   6.50e-09   8.44e-12   6.79e-07 _16616_
   6.63e-07   1.63e-08   8.44e-12   6.79e-07 _16638_
   6.58e-07   1.43e-08   8.44e-12   6.72e-07 _16642_
   6.60e-07   1.03e-08   8.44e-12   6.71e-07 _16807_
   6.60e-07   1.03e-08   8.44e-12   6.71e-07 _16871_
   6.60e-07   1.03e-08   8.44e-12   6.71e-07 _16743_
   6.60e-07   1.03e-08   8.44e-12   6.71e-07 _15325_
   6.60e-07   1.03e-08   8.44e-12   6.71e-07 _15329_
   6.60e-07   1.03e-08   8.44e-12   6.71e-07 _16747_
   6.60e-07   1.03e-08   8.44e-12   6.71e-07 _16811_
   6.60e-07   1.03e-08   8.44e-12   6.71e-07 _16875_
   6.60e-07   1.03e-08   8.44e-12   6.71e-07 _16808_
   6.60e-07   1.03e-08   8.44e-12   6.71e-07 _15333_
   6.60e-07   1.03e-08   8.44e-12   6.71e-07 _16751_
   6.60e-07   1.03e-08   8.44e-12   6.71e-07 _16815_
   6.60e-07   1.03e-08   8.44e-12   6.71e-07 _16879_
   6.60e-07   1.03e-08   8.44e-12   6.71e-07 _16872_
   6.60e-07   1.03e-08   8.44e-12   6.70e-07 _16744_
   6.60e-07   1.03e-08   8.44e-12   6.70e-07 _15326_
   6.60e-07   1.03e-08   8.44e-12   6.70e-07 _15348_
   6.60e-07   1.03e-08   8.44e-12   6.70e-07 _16766_
   6.60e-07   1.03e-08   8.44e-12   6.70e-07 _16830_
   6.60e-07   1.03e-08   8.44e-12   6.70e-07 _16894_
   6.60e-07   1.03e-08   8.44e-12   6.70e-07 _15346_
   6.60e-07   1.03e-08   8.44e-12   6.70e-07 _16764_
   6.60e-07   1.03e-08   8.44e-12   6.70e-07 _16828_
   6.60e-07   1.03e-08   8.44e-12   6.70e-07 _16892_
   6.60e-07   1.03e-08   8.44e-12   6.70e-07 _15344_
   6.60e-07   1.03e-08   8.44e-12   6.70e-07 _16762_
   6.60e-07   1.03e-08   8.44e-12   6.70e-07 _16826_
   6.60e-07   1.03e-08   8.44e-12   6.70e-07 _16890_
   6.60e-07   1.03e-08   8.44e-12   6.70e-07 _15343_
   6.60e-07   1.03e-08   8.44e-12   6.70e-07 _16761_
   6.60e-07   1.03e-08   8.44e-12   6.70e-07 _16825_
   6.60e-07   1.03e-08   8.44e-12   6.70e-07 _16889_
   6.60e-07   1.03e-08   8.44e-12   6.70e-07 _15336_
   6.60e-07   1.03e-08   8.44e-12   6.70e-07 _16754_
   6.60e-07   1.03e-08   8.44e-12   6.70e-07 _16818_
   6.60e-07   1.03e-08   8.44e-12   6.70e-07 _16882_
   6.60e-07   1.03e-08   8.44e-12   6.70e-07 _16810_
   6.60e-07   1.03e-08   8.44e-12   6.70e-07 _16874_
   6.60e-07   1.03e-08   8.44e-12   6.70e-07 _15328_
   6.60e-07   1.03e-08   8.44e-12   6.70e-07 _16746_
   6.60e-07   1.03e-08   8.44e-12   6.70e-07 _15342_
   6.60e-07   1.03e-08   8.44e-12   6.70e-07 _16760_
   6.60e-07   1.03e-08   8.44e-12   6.70e-07 _16824_
   6.60e-07   1.03e-08   8.44e-12   6.70e-07 _16888_
   6.60e-07   1.03e-08   8.44e-12   6.70e-07 _15332_
   6.60e-07   1.03e-08   8.44e-12   6.70e-07 _16750_
   6.60e-07   1.03e-08   8.44e-12   6.70e-07 _16814_
   6.60e-07   1.03e-08   8.44e-12   6.70e-07 _16878_
   6.60e-07   1.03e-08   8.44e-12   6.70e-07 _15339_
   6.60e-07   1.03e-08   8.44e-12   6.70e-07 _16757_
   6.60e-07   1.03e-08   8.44e-12   6.70e-07 _16821_
   6.60e-07   1.03e-08   8.44e-12   6.70e-07 _16885_
   6.60e-07   1.03e-08   8.44e-12   6.70e-07 _15335_
   6.60e-07   1.03e-08   8.44e-12   6.70e-07 _16753_
   6.60e-07   1.03e-08   8.44e-12   6.70e-07 _16817_
   6.60e-07   1.03e-08   8.44e-12   6.70e-07 _16881_
   6.60e-07   1.03e-08   8.44e-12   6.70e-07 _15287_
   6.60e-07   1.03e-08   8.44e-12   6.70e-07 _15288_
   6.60e-07   1.03e-08   8.44e-12   6.70e-07 _15289_
   6.60e-07   1.03e-08   8.44e-12   6.70e-07 _15290_
   6.60e-07   1.03e-08   8.44e-12   6.70e-07 _15291_
   6.60e-07   1.03e-08   8.44e-12   6.70e-07 _15292_
   6.60e-07   1.03e-08   8.44e-12   6.70e-07 _15347_
   6.60e-07   1.03e-08   8.44e-12   6.70e-07 _15349_
   6.60e-07   1.03e-08   8.44e-12   6.70e-07 _15351_
   6.60e-07   1.03e-08   8.44e-12   6.70e-07 _15352_
   6.60e-07   1.03e-08   8.44e-12   6.70e-07 _15353_
   6.60e-07   1.03e-08   8.44e-12   6.70e-07 _15354_
   6.60e-07   1.03e-08   8.44e-12   6.70e-07 _15355_
   6.60e-07   1.03e-08   8.44e-12   6.70e-07 _15356_
   6.60e-07   1.03e-08   8.44e-12   6.70e-07 _16765_
   6.60e-07   1.03e-08   8.44e-12   6.70e-07 _16767_
   6.60e-07   1.03e-08   8.44e-12   6.70e-07 _16769_
   6.60e-07   1.03e-08   8.44e-12   6.70e-07 _16770_
   6.60e-07   1.03e-08   8.44e-12   6.70e-07 _16771_
   6.60e-07   1.03e-08   8.44e-12   6.70e-07 _16772_
   6.60e-07   1.03e-08   8.44e-12   6.70e-07 _16773_
   6.60e-07   1.03e-08   8.44e-12   6.70e-07 _16774_
   6.60e-07   1.03e-08   8.44e-12   6.70e-07 _16829_
   6.60e-07   1.03e-08   8.44e-12   6.70e-07 _16831_
   6.60e-07   1.03e-08   8.44e-12   6.70e-07 _16833_
   6.60e-07   1.03e-08   8.44e-12   6.70e-07 _16834_
   6.60e-07   1.03e-08   8.44e-12   6.70e-07 _16835_
   6.60e-07   1.03e-08   8.44e-12   6.70e-07 _16836_
   6.60e-07   1.03e-08   8.44e-12   6.70e-07 _16837_
   6.60e-07   1.03e-08   8.44e-12   6.70e-07 _16838_
   6.60e-07   1.03e-08   8.44e-12   6.70e-07 _16893_
   6.60e-07   1.03e-08   8.44e-12   6.70e-07 _16895_
   6.60e-07   1.03e-08   8.44e-12   6.70e-07 _15345_
   6.60e-07   1.03e-08   8.44e-12   6.70e-07 _16763_
   6.60e-07   1.03e-08   8.44e-12   6.70e-07 _16827_
   6.60e-07   1.03e-08   8.44e-12   6.70e-07 _16891_
   6.60e-07   1.03e-08   8.44e-12   6.70e-07 _15334_
   6.60e-07   1.03e-08   8.44e-12   6.70e-07 _16752_
   6.60e-07   1.03e-08   8.44e-12   6.70e-07 _16816_
   6.60e-07   1.03e-08   8.44e-12   6.70e-07 _16880_
   6.60e-07   1.03e-08   8.44e-12   6.70e-07 _16809_
   6.60e-07   1.03e-08   8.44e-12   6.70e-07 _16873_
   6.60e-07   1.03e-08   8.44e-12   6.70e-07 _16745_
   6.60e-07   1.03e-08   8.44e-12   6.70e-07 _15327_
   6.60e-07   1.03e-08   8.44e-12   6.70e-07 _15330_
   6.60e-07   1.03e-08   8.44e-12   6.70e-07 _16748_
   6.60e-07   1.03e-08   8.44e-12   6.70e-07 _16812_
   6.60e-07   1.03e-08   8.44e-12   6.70e-07 _16876_
   6.60e-07   1.03e-08   8.44e-12   6.70e-07 _15337_
   6.60e-07   1.03e-08   8.44e-12   6.70e-07 _16755_
   6.60e-07   1.03e-08   8.44e-12   6.70e-07 _16819_
   6.60e-07   1.03e-08   8.44e-12   6.70e-07 _16883_
   6.60e-07   1.03e-08   8.44e-12   6.70e-07 _15338_
   6.60e-07   1.03e-08   8.44e-12   6.70e-07 _16756_
   6.60e-07   1.03e-08   8.44e-12   6.70e-07 _16820_
   6.60e-07   1.03e-08   8.44e-12   6.70e-07 _16884_
   6.60e-07   1.03e-08   8.44e-12   6.70e-07 _15341_
   6.60e-07   1.03e-08   8.44e-12   6.70e-07 _16759_
   6.60e-07   1.03e-08   8.44e-12   6.70e-07 _16823_
   6.60e-07   1.03e-08   8.44e-12   6.70e-07 _16887_
   6.64e-07   6.01e-09   8.44e-12   6.70e-07 _16707_
   6.59e-07   1.03e-08   8.44e-12   6.69e-07 _15340_
   6.59e-07   1.03e-08   8.44e-12   6.69e-07 _16758_
   6.59e-07   1.03e-08   8.44e-12   6.69e-07 _16822_
   6.59e-07   1.03e-08   8.44e-12   6.69e-07 _16886_
   6.59e-07   1.03e-08   8.44e-12   6.69e-07 _15331_
   6.59e-07   1.03e-08   8.44e-12   6.69e-07 _16749_
   6.59e-07   1.03e-08   8.44e-12   6.69e-07 _16813_
   6.59e-07   1.03e-08   8.44e-12   6.69e-07 _16877_
   6.59e-07   1.03e-08   8.44e-12   6.69e-07 _15286_
   6.59e-07   1.03e-08   8.44e-12   6.69e-07 _15350_
   6.59e-07   1.03e-08   8.44e-12   6.69e-07 _16768_
   6.59e-07   1.03e-08   8.44e-12   6.69e-07 _16832_
   6.49e-07   1.79e-08   8.44e-12   6.67e-07 _16640_
