   Internal  Switching    Leakage      Total
      Power      Power      Power      Power
--------------------------------------------
   1.32e-06   7.43e-07   8.44e-12   2.06e-06 _15640_
   1.31e-06   7.43e-07   8.44e-12   2.06e-06 _15768_
   1.31e-06   7.43e-07   8.44e-12   2.06e-06 _15832_
   1.31e-06   7.43e-07   8.44e-12   2.06e-06 _15704_
   1.31e-06   6.51e-07   8.44e-12   1.96e-06 _15749_
   1.32e-06   6.35e-07   8.44e-12   1.96e-06 _15617_
   1.32e-06   6.35e-07   8.44e-12   1.96e-06 _15745_
   1.18e-06   7.76e-07   8.44e-12   1.96e-06 _16776_
   1.32e-06   6.35e-07   8.44e-12   1.95e-06 _15681_
   1.30e-06   6.48e-07   8.44e-12   1.95e-06 _15614_
   1.30e-06   6.48e-07   8.44e-12   1.95e-06 _15806_
   1.30e-06   6.48e-07   8.44e-12   1.95e-06 _15678_
   1.30e-06   6.48e-07   8.44e-12   1.95e-06 _15742_
   1.32e-06   6.29e-07   8.44e-12   1.95e-06 _15809_
   1.35e-06   5.99e-07   8.44e-12   1.95e-06 _15751_
   1.35e-06   5.99e-07   8.44e-12   1.95e-06 _15759_
   1.31e-06   6.35e-07   8.44e-12   1.95e-06 _15765_
   1.31e-06   6.35e-07   8.44e-12   1.95e-06 _15757_
   1.31e-06   6.35e-07   8.44e-12   1.95e-06 _15829_
   1.31e-06   6.35e-07   8.44e-12   1.95e-06 _15629_
   1.31e-06   6.35e-07   8.44e-12   1.95e-06 _15637_
   1.31e-06   6.35e-07   8.44e-12   1.94e-06 _15701_
   1.31e-06   6.31e-07   8.44e-12   1.94e-06 _15771_
   1.31e-06   6.36e-07   8.44e-12   1.94e-06 _15362_
   1.31e-06   6.36e-07   8.44e-12   1.94e-06 _15490_
   1.31e-06   6.35e-07   8.44e-12   1.94e-06 _15821_
   1.31e-06   6.35e-07   8.44e-12   1.94e-06 _15761_
   1.31e-06   6.35e-07   8.44e-12   1.94e-06 _15693_
   1.31e-06   6.31e-07   8.44e-12   1.94e-06 _15835_
   1.31e-06   6.29e-07   8.44e-12   1.94e-06 _15817_
   1.31e-06   6.36e-07   8.44e-12   1.94e-06 _15554_
   1.31e-06   6.29e-07   8.44e-12   1.94e-06 _15689_
   1.31e-06   6.29e-07   8.44e-12   1.94e-06 _15625_
   1.31e-06   6.36e-07   8.44e-12   1.94e-06 _15451_
   1.31e-06   6.36e-07   8.44e-12   1.94e-06 _15450_
   1.31e-06   6.29e-07   8.44e-12   1.94e-06 _15753_
   1.31e-06   6.36e-07   8.44e-12   1.94e-06 _15515_
   1.31e-06   6.36e-07   8.44e-12   1.94e-06 _15387_
   1.31e-06   6.29e-07   8.44e-12   1.94e-06 _15639_
   1.31e-06   6.36e-07   8.44e-12   1.94e-06 _15386_
   1.31e-06   6.29e-07   8.44e-12   1.94e-06 _15767_
   1.31e-06   6.36e-07   8.44e-12   1.94e-06 _15578_
   1.30e-06   6.36e-07   8.44e-12   1.94e-06 _15579_
   1.31e-06   6.29e-07   8.44e-12   1.94e-06 _15615_
   1.31e-06   6.29e-07   8.44e-12   1.94e-06 _15831_
   1.31e-06   6.29e-07   8.44e-12   1.94e-06 _15707_
   1.31e-06   6.29e-07   8.44e-12   1.94e-06 _15703_
   1.31e-06   6.29e-07   8.44e-12   1.94e-06 _15679_
   1.31e-06   6.29e-07   8.44e-12   1.94e-06 _15743_
   1.32e-06   6.17e-07   8.44e-12   1.93e-06 _15433_
   1.32e-06   6.17e-07   8.44e-12   1.93e-06 _15497_
   1.32e-06   6.17e-07   8.44e-12   1.93e-06 _15561_
   1.31e-06   6.17e-07   8.44e-12   1.93e-06 _15369_
   1.31e-06   6.17e-07   8.44e-12   1.92e-06 _15505_
   1.31e-06   6.17e-07   8.44e-12   1.92e-06 _15569_
   1.31e-06   6.17e-07   8.44e-12   1.92e-06 _15445_
   1.31e-06   6.17e-07   8.44e-12   1.92e-06 _15513_
   1.30e-06   6.17e-07   8.44e-12   1.92e-06 _15509_
   1.30e-06   6.17e-07   8.44e-12   1.92e-06 _15437_
   1.30e-06   6.17e-07   8.44e-12   1.92e-06 _15501_
   1.30e-06   6.17e-07   8.44e-12   1.92e-06 _15377_
   1.30e-06   6.17e-07   8.44e-12   1.92e-06 _15449_
   1.30e-06   6.17e-07   8.44e-12   1.92e-06 _15573_
   1.30e-06   6.17e-07   8.44e-12   1.92e-06 _15381_
   1.30e-06   6.17e-07   8.44e-12   1.92e-06 _15577_
   1.32e-06   6.02e-07   8.44e-12   1.92e-06 _15641_
   1.30e-06   6.17e-07   8.44e-12   1.92e-06 _15425_
   1.32e-06   6.02e-07   8.44e-12   1.92e-06 _15769_
   1.30e-06   6.17e-07   8.44e-12   1.92e-06 _15565_
   1.30e-06   6.17e-07   8.44e-12   1.92e-06 _15373_
   1.30e-06   6.17e-07   8.44e-12   1.92e-06 _15385_
   1.30e-06   6.17e-07   8.44e-12   1.92e-06 _15489_
   1.09e-06   8.34e-07   8.44e-12   1.92e-06 _16648_
   1.30e-06   6.17e-07   8.44e-12   1.92e-06 _15553_
   1.30e-06   6.17e-07   8.44e-12   1.92e-06 _15361_
   1.32e-06   6.02e-07   8.44e-12   1.92e-06 _15833_
   1.32e-06   6.02e-07   8.44e-12   1.92e-06 _15705_
   1.30e-06   6.11e-07   8.44e-12   1.92e-06 _15485_
   1.30e-06   6.11e-07   8.44e-12   1.92e-06 _15421_
   1.30e-06   6.11e-07   8.44e-12   1.92e-06 _15549_
   1.30e-06   6.11e-07   8.44e-12   1.92e-06 _15357_
   1.30e-06   6.17e-07   8.44e-12   1.91e-06 _15493_
   1.30e-06   6.17e-07   8.44e-12   1.91e-06 _15557_
   1.30e-06   6.17e-07   8.44e-12   1.91e-06 _15429_
   1.30e-06   6.17e-07   8.44e-12   1.91e-06 _15365_
   1.21e-06   6.93e-07   8.44e-12   1.90e-06 _16710_
   1.26e-06   6.36e-07   8.44e-12   1.90e-06 _16027_
   1.26e-06   6.36e-07   8.44e-12   1.90e-06 _16002_
   1.26e-06   6.36e-07   8.44e-12   1.90e-06 _16066_
   1.31e-06   5.85e-07   8.44e-12   1.89e-06 _15441_
   1.26e-06   6.30e-07   8.44e-12   1.89e-06 _16089_
   1.26e-06   6.17e-07   8.44e-12   1.87e-06 _16077_
   1.26e-06   6.17e-07   8.44e-12   1.87e-06 _16021_
   1.26e-06   6.17e-07   8.44e-12   1.87e-06 _16025_
   1.26e-06   6.11e-07   8.44e-12   1.87e-06 _16083_
   1.26e-06   6.17e-07   8.44e-12   1.87e-06 _16001_
   1.26e-06   6.11e-07   8.44e-12   1.87e-06 _16091_
   1.33e-06   5.38e-07   8.44e-12   1.87e-06 _15747_
   1.25e-06   6.17e-07   8.44e-12   1.87e-06 _16087_
   1.05e-06   8.18e-07   8.44e-12   1.87e-06 _16675_
   1.33e-06   5.38e-07   8.44e-12   1.87e-06 _15683_
   1.26e-06   6.11e-07   8.44e-12   1.87e-06 _15997_
   1.26e-06   6.11e-07   8.44e-12   1.87e-06 _16079_
   1.25e-06   6.17e-07   8.44e-12   1.87e-06 _16017_
   1.25e-06   6.17e-07   8.44e-12   1.87e-06 _16069_
   1.26e-06   6.11e-07   8.44e-12   1.87e-06 _16061_
   1.25e-06   6.17e-07   8.44e-12   1.87e-06 _16005_
   1.25e-06   6.17e-07   8.44e-12   1.87e-06 _16009_
   1.25e-06   6.17e-07   8.44e-12   1.87e-06 _16073_
   1.32e-06   5.38e-07   8.44e-12   1.85e-06 _15627_
   1.32e-06   5.38e-07   8.44e-12   1.85e-06 _15819_
   1.32e-06   5.38e-07   8.44e-12   1.85e-06 _15691_
   1.32e-06   5.38e-07   8.44e-12   1.85e-06 _15827_
   1.32e-06   5.38e-07   8.44e-12   1.85e-06 _15763_
   1.32e-06   5.38e-07   8.44e-12   1.85e-06 _15635_
   1.32e-06   5.38e-07   8.44e-12   1.85e-06 _15815_
   1.32e-06   5.38e-07   8.44e-12   1.85e-06 _15699_
   1.18e-06   6.71e-07   8.44e-12   1.85e-06 _15295_
   1.31e-06   5.38e-07   8.44e-12   1.85e-06 _15643_
   1.32e-06   5.25e-07   8.44e-12   1.85e-06 _15772_
   1.32e-06   5.25e-07   8.44e-12   1.85e-06 _15644_
   1.32e-06   5.25e-07   8.44e-12   1.85e-06 _15836_
   1.32e-06   5.25e-07   8.44e-12   1.85e-06 _15708_
   1.31e-06   5.38e-07   8.44e-12   1.85e-06 _15825_
   1.31e-06   5.38e-07   8.44e-12   1.85e-06 _15633_
   1.17e-06   6.71e-07   8.44e-12   1.85e-06 _16711_
   1.31e-06   5.38e-07   8.44e-12   1.85e-06 _15697_
   1.26e-06   5.85e-07   8.44e-12   1.84e-06 _16085_
   1.31e-06   5.38e-07   8.44e-12   1.84e-06 _15621_
   1.31e-06   5.38e-07   8.44e-12   1.84e-06 _15813_
   1.30e-06   5.38e-07   8.44e-12   1.84e-06 _15685_
   1.33e-06   5.05e-07   8.44e-12   1.84e-06 _15619_
   1.33e-06   5.05e-07   8.44e-12   1.84e-06 _15811_
   1.25e-06   5.85e-07   8.44e-12   1.84e-06 _16081_
   1.33e-06   5.05e-07   8.44e-12   1.83e-06 _15748_
   1.32e-06   5.05e-07   8.44e-12   1.83e-06 _15620_
   1.12e-06   7.13e-07   8.44e-12   1.83e-06 _16654_
   1.32e-06   5.05e-07   8.44e-12   1.83e-06 _15812_
   1.31e-06   5.23e-07   8.44e-12   1.83e-06 _15514_
   1.32e-06   5.05e-07   8.44e-12   1.83e-06 _15684_
   1.30e-06   5.23e-07   8.44e-12   1.83e-06 _15550_
   1.30e-06   5.23e-07   8.44e-12   1.83e-06 _15486_
   1.30e-06   5.23e-07   8.44e-12   1.83e-06 _15422_
   1.33e-06   4.97e-07   8.44e-12   1.83e-06 _15746_
   1.33e-06   4.97e-07   8.44e-12   1.83e-06 _15618_
   1.30e-06   5.23e-07   8.44e-12   1.82e-06 _15358_
   1.33e-06   4.97e-07   8.44e-12   1.82e-06 _15810_
   1.30e-06   5.23e-07   8.44e-12   1.82e-06 _15512_
   1.32e-06   5.05e-07   8.44e-12   1.82e-06 _15616_
   1.33e-06   4.97e-07   8.44e-12   1.82e-06 _15682_
   1.32e-06   5.05e-07   8.44e-12   1.82e-06 _15744_
   1.32e-06   5.05e-07   8.44e-12   1.82e-06 _15816_
   1.32e-06   5.05e-07   8.44e-12   1.82e-06 _15808_
   1.32e-06   5.05e-07   8.44e-12   1.82e-06 _15680_
   1.32e-06   5.05e-07   8.44e-12   1.82e-06 _15688_
   1.32e-06   5.05e-07   8.44e-12   1.82e-06 _15628_
   1.32e-06   5.05e-07   8.44e-12   1.82e-06 _15756_
   1.32e-06   5.05e-07   8.44e-12   1.82e-06 _15824_
   1.32e-06   5.05e-07   8.44e-12   1.82e-06 _15755_
   1.32e-06   5.05e-07   8.44e-12   1.82e-06 _15820_
   1.32e-06   5.05e-07   8.44e-12   1.82e-06 _15692_
   1.32e-06   5.05e-07   8.44e-12   1.82e-06 _15752_
   1.32e-06   5.05e-07   8.44e-12   1.82e-06 _15624_
   1.32e-06   5.05e-07   8.44e-12   1.82e-06 _15696_
   1.32e-06   5.05e-07   8.44e-12   1.82e-06 _15760_
   1.32e-06   5.05e-07   8.44e-12   1.82e-06 _15823_
   1.32e-06   5.05e-07   8.44e-12   1.82e-06 _15632_
   1.31e-06   5.05e-07   8.44e-12   1.82e-06 _15687_
   1.31e-06   5.05e-07   8.44e-12   1.82e-06 _15695_
   1.31e-06   5.05e-07   8.44e-12   1.82e-06 _15623_
   1.31e-06   5.05e-07   8.44e-12   1.82e-06 _15631_
   1.31e-06   5.05e-07   8.44e-12   1.82e-06 _15828_
   1.08e-06   7.40e-07   8.44e-12   1.82e-06 _16643_
   1.31e-06   5.05e-07   8.44e-12   1.82e-06 _15764_
   1.31e-06   5.05e-07   8.44e-12   1.82e-06 _15700_
   1.31e-06   5.05e-07   8.44e-12   1.82e-06 _15636_
   1.19e-06   6.32e-07   8.44e-12   1.82e-06 _15937_
   1.30e-06   5.16e-07   8.44e-12   1.82e-06 _15452_
   1.31e-06   5.05e-07   8.44e-12   1.82e-06 _15807_
   1.30e-06   5.16e-07   8.44e-12   1.82e-06 _15516_
   1.30e-06   5.16e-07   8.44e-12   1.82e-06 _15388_
   1.30e-06   5.16e-07   8.44e-12   1.81e-06 _15580_
   1.32e-06   4.97e-07   8.44e-12   1.81e-06 _15818_
   1.32e-06   4.97e-07   8.44e-12   1.81e-06 _15626_
   1.32e-06   4.97e-07   8.44e-12   1.81e-06 _15690_
   1.32e-06   4.97e-07   8.44e-12   1.81e-06 _15754_
   1.31e-06   4.97e-07   8.44e-12   1.81e-06 _15634_
   1.31e-06   4.97e-07   8.44e-12   1.81e-06 _15762_
   1.31e-06   4.97e-07   8.44e-12   1.81e-06 _15826_
   1.31e-06   4.97e-07   8.44e-12   1.81e-06 _15758_
   1.31e-06   4.97e-07   8.44e-12   1.81e-06 _15698_
   1.31e-06   4.97e-07   8.44e-12   1.81e-06 _15766_
   1.31e-06   4.97e-07   8.44e-12   1.81e-06 _15630_
   1.31e-06   4.97e-07   8.44e-12   1.81e-06 _15814_
   1.31e-06   4.97e-07   8.44e-12   1.81e-06 _15750_
   1.32e-06   4.91e-07   8.44e-12   1.81e-06 _15435_
   1.31e-06   4.97e-07   8.44e-12   1.81e-06 _15622_
   1.31e-06   4.97e-07   8.44e-12   1.81e-06 _15822_
   1.31e-06   4.97e-07   8.44e-12   1.81e-06 _15694_
   1.31e-06   4.97e-07   8.44e-12   1.81e-06 _15686_
   1.32e-06   4.91e-07   8.44e-12   1.81e-06 _15499_
   1.32e-06   4.91e-07   8.44e-12   1.81e-06 _15563_
   1.32e-06   4.91e-07   8.44e-12   1.81e-06 _15371_
   1.08e-06   7.23e-07   8.44e-12   1.81e-06 _16657_
   1.31e-06   4.91e-07   8.44e-12   1.81e-06 _15427_
   1.08e-06   7.21e-07   8.44e-12   1.80e-06 _16673_
   1.32e-06   4.83e-07   8.44e-12   1.80e-06 _15434_
   1.31e-06   4.91e-07   8.44e-12   1.80e-06 _15363_
   1.31e-06   4.91e-07   8.44e-12   1.80e-06 _15491_
   1.32e-06   4.83e-07   8.44e-12   1.80e-06 _15498_
   1.32e-06   4.83e-07   8.44e-12   1.80e-06 _15562_
   1.31e-06   4.91e-07   8.44e-12   1.80e-06 _15555_
   1.32e-06   4.83e-07   8.44e-12   1.80e-06 _15370_
   1.35e-06   4.57e-07   8.44e-12   1.80e-06 _15770_
   1.34e-06   4.57e-07   8.44e-12   1.80e-06 _15642_
   1.31e-06   4.91e-07   8.44e-12   1.80e-06 _15560_
   1.31e-06   4.91e-07   8.44e-12   1.80e-06 _15432_
   1.31e-06   4.91e-07   8.44e-12   1.80e-06 _15496_
   1.31e-06   4.91e-07   8.44e-12   1.80e-06 _15368_
   1.31e-06   4.91e-07   8.44e-12   1.80e-06 _15559_
   1.34e-06   4.57e-07   8.44e-12   1.80e-06 _15834_
   1.31e-06   4.91e-07   8.44e-12   1.80e-06 _15495_
   1.34e-06   4.57e-07   8.44e-12   1.80e-06 _15706_
   1.31e-06   4.91e-07   8.44e-12   1.80e-06 _15367_
   1.31e-06   4.91e-07   8.44e-12   1.80e-06 _15431_
   1.31e-06   4.91e-07   8.44e-12   1.80e-06 _15503_
   1.31e-06   4.91e-07   8.44e-12   1.80e-06 _15507_
   1.31e-06   4.91e-07   8.44e-12   1.80e-06 _15571_
   1.31e-06   4.91e-07   8.44e-12   1.80e-06 _15443_
   1.31e-06   4.91e-07   8.44e-12   1.80e-06 _15439_
   1.31e-06   4.91e-07   8.44e-12   1.80e-06 _15379_
   1.31e-06   4.91e-07   8.44e-12   1.80e-06 _15511_
   1.31e-06   4.91e-07   8.44e-12   1.80e-06 _15375_
   1.31e-06   4.91e-07   8.44e-12   1.80e-06 _15447_
   1.31e-06   4.91e-07   8.44e-12   1.80e-06 _15567_
   1.31e-06   4.91e-07   8.44e-12   1.80e-06 _15487_
   1.31e-06   4.91e-07   8.44e-12   1.80e-06 _15575_
   1.31e-06   4.91e-07   8.44e-12   1.80e-06 _15383_
   1.30e-06   4.91e-07   8.44e-12   1.80e-06 _15551_
   1.30e-06   4.91e-07   8.44e-12   1.80e-06 _15423_
   1.30e-06   4.91e-07   8.44e-12   1.80e-06 _15504_
   1.30e-06   4.91e-07   8.44e-12   1.80e-06 _15359_
   1.30e-06   4.91e-07   8.44e-12   1.79e-06 _15568_
   1.30e-06   4.91e-07   8.44e-12   1.79e-06 _15424_
   1.30e-06   4.91e-07   8.44e-12   1.79e-06 _15436_
   1.30e-06   4.91e-07   8.44e-12   1.79e-06 _15376_
   1.30e-06   4.91e-07   8.44e-12   1.79e-06 _15552_
   1.30e-06   4.91e-07   8.44e-12   1.79e-06 _15488_
   1.30e-06   4.91e-07   8.44e-12   1.79e-06 _15444_
   1.30e-06   4.91e-07   8.44e-12   1.79e-06 _15360_
   1.30e-06   4.91e-07   8.44e-12   1.79e-06 _15500_
   1.30e-06   4.91e-07   8.44e-12   1.79e-06 _15380_
   1.30e-06   4.91e-07   8.44e-12   1.79e-06 _15508_
   1.30e-06   4.91e-07   8.44e-12   1.79e-06 _15572_
   1.30e-06   4.91e-07   8.44e-12   1.79e-06 _15372_
   1.30e-06   4.91e-07   8.44e-12   1.79e-06 _15564_
   1.31e-06   4.83e-07   8.44e-12   1.79e-06 _15506_
   1.31e-06   4.83e-07   8.44e-12   1.79e-06 _15570_
   1.31e-06   4.83e-07   8.44e-12   1.79e-06 _15426_
   1.30e-06   4.91e-07   8.44e-12   1.79e-06 _15448_
   1.31e-06   4.83e-07   8.44e-12   1.79e-06 _15442_
   1.31e-06   4.83e-07   8.44e-12   1.79e-06 _15378_
   1.31e-06   4.83e-07   8.44e-12   1.79e-06 _15438_
   1.30e-06   4.91e-07   8.44e-12   1.79e-06 _15576_
   1.31e-06   4.83e-07   8.44e-12   1.79e-06 _15502_
   1.30e-06   4.91e-07   8.44e-12   1.79e-06 _15384_
   1.31e-06   4.83e-07   8.44e-12   1.79e-06 _15374_
   1.31e-06   4.83e-07   8.44e-12   1.79e-06 _15566_
   1.31e-06   4.83e-07   8.44e-12   1.79e-06 _15446_
   1.31e-06   4.83e-07   8.44e-12   1.79e-06 _15510_
   1.30e-06   4.83e-07   8.44e-12   1.79e-06 _15574_
   1.18e-06   6.08e-07   8.44e-12   1.79e-06 _16777_
   1.30e-06   4.83e-07   8.44e-12   1.79e-06 _15382_
   1.30e-06   4.83e-07   8.44e-12   1.79e-06 _15558_
   1.30e-06   4.83e-07   8.44e-12   1.79e-06 _15494_
   1.18e-06   6.08e-07   8.44e-12   1.79e-06 _16867_
   1.18e-06   6.08e-07   8.44e-12   1.79e-06 _16722_
   1.30e-06   4.83e-07   8.44e-12   1.79e-06 _15366_
   1.30e-06   4.83e-07   8.44e-12   1.79e-06 _15430_
   1.26e-06   5.23e-07   8.44e-12   1.78e-06 _15998_
   1.28e-06   5.05e-07   8.44e-12   1.78e-06 _15613_
   1.26e-06   5.23e-07   8.44e-12   1.78e-06 _16026_
   1.26e-06   5.23e-07   8.44e-12   1.78e-06 _16062_
   1.28e-06   5.05e-07   8.44e-12   1.78e-06 _15741_
   1.28e-06   5.05e-07   8.44e-12   1.78e-06 _15677_
   1.28e-06   5.05e-07   8.44e-12   1.78e-06 _15805_
   1.26e-06   5.23e-07   8.44e-12   1.78e-06 _16084_
   1.26e-06   5.23e-07   8.44e-12   1.78e-06 _16013_
   1.26e-06   5.23e-07   8.44e-12   1.78e-06 _16080_
   1.26e-06   5.23e-07   8.44e-12   1.78e-06 _16065_
   1.12e-06   6.64e-07   8.44e-12   1.78e-06 _16651_
   1.26e-06   5.23e-07   8.44e-12   1.78e-06 _16088_
   1.26e-06   5.23e-07   8.44e-12   1.78e-06 _16024_
   1.31e-06   4.65e-07   8.44e-12   1.78e-06 _15638_
   1.31e-06   4.65e-07   8.44e-12   1.78e-06 _15830_
   1.31e-06   4.65e-07   8.44e-12   1.78e-06 _15702_
   1.08e-06   6.91e-07   8.44e-12   1.78e-06 _16665_
   1.08e-06   6.91e-07   8.44e-12   1.78e-06 _16669_
   1.26e-06   5.16e-07   8.44e-12   1.78e-06 _16028_
   1.26e-06   5.16e-07   8.44e-12   1.77e-06 _16092_
   1.18e-06   5.94e-07   8.44e-12   1.77e-06 _16840_
   1.28e-06   4.91e-07   8.44e-12   1.77e-06 _15556_
   1.28e-06   4.91e-07   8.44e-12   1.77e-06 _15492_
   1.28e-06   4.91e-07   8.44e-12   1.77e-06 _15364_
   1.28e-06   4.91e-07   8.44e-12   1.77e-06 _15428_
   1.18e-06   5.85e-07   8.44e-12   1.76e-06 _16740_
   1.05e-06   7.10e-07   8.44e-12   1.76e-06 _16695_
   1.27e-06   4.91e-07   8.44e-12   1.76e-06 _16067_
   1.08e-06   6.75e-07   8.44e-12   1.76e-06 _16660_
   1.27e-06   4.91e-07   8.44e-12   1.76e-06 _16003_
   1.30e-06   4.52e-07   8.44e-12   1.75e-06 _15440_
   1.06e-06   6.92e-07   8.44e-12   1.75e-06 _16676_
   1.26e-06   4.91e-07   8.44e-12   1.75e-06 _16019_
   1.26e-06   4.91e-07   8.44e-12   1.75e-06 _15999_
   1.26e-06   4.91e-07   8.44e-12   1.75e-06 _16000_
   1.26e-06   4.91e-07   8.44e-12   1.75e-06 _16063_
   1.26e-06   4.91e-07   8.44e-12   1.75e-06 _16020_
   1.26e-06   4.91e-07   8.44e-12   1.75e-06 _16068_
   1.26e-06   4.91e-07   8.44e-12   1.75e-06 _16064_
   1.26e-06   4.91e-07   8.44e-12   1.75e-06 _16004_
   1.26e-06   4.91e-07   8.44e-12   1.75e-06 _16072_
   1.26e-06   4.91e-07   8.44e-12   1.75e-06 _16011_
   1.26e-06   4.91e-07   8.44e-12   1.75e-06 _16016_
   1.26e-06   4.91e-07   8.44e-12   1.75e-06 _16076_
   1.26e-06   4.91e-07   8.44e-12   1.75e-06 _16007_
   1.26e-06   4.91e-07   8.44e-12   1.75e-06 _16008_
   1.26e-06   4.91e-07   8.44e-12   1.75e-06 _16012_
   1.26e-06   4.91e-07   8.44e-12   1.75e-06 _16015_
   1.25e-06   4.91e-07   8.44e-12   1.74e-06 _16023_
   1.26e-06   4.83e-07   8.44e-12   1.74e-06 _16014_
   1.26e-06   4.83e-07   8.44e-12   1.74e-06 _16078_
   1.19e-06   5.50e-07   8.44e-12   1.74e-06 _15875_
   1.26e-06   4.83e-07   8.44e-12   1.74e-06 _16018_
   1.26e-06   4.83e-07   8.44e-12   1.74e-06 _16022_
   1.26e-06   4.83e-07   8.44e-12   1.74e-06 _16006_
   1.26e-06   4.83e-07   8.44e-12   1.74e-06 _16070_
   1.19e-06   5.50e-07   8.44e-12   1.74e-06 _15962_
   1.19e-06   5.50e-07   8.44e-12   1.74e-06 _15874_
   1.26e-06   4.83e-07   8.44e-12   1.74e-06 _16010_
   1.25e-06   4.83e-07   8.44e-12   1.74e-06 _16074_
   1.19e-06   5.50e-07   8.44e-12   1.74e-06 _15963_
   1.19e-06   5.50e-07   8.44e-12   1.74e-06 _15876_
   1.15e-06   5.87e-07   8.44e-12   1.74e-06 _16709_
   1.19e-06   5.42e-07   8.44e-12   1.73e-06 _15891_
   1.19e-06   5.42e-07   8.44e-12   1.73e-06 _15899_
   1.19e-06   5.42e-07   8.44e-12   1.73e-06 _15879_
   1.19e-06   5.42e-07   8.44e-12   1.73e-06 _15883_
   1.18e-06   5.42e-07   8.44e-12   1.73e-06 _15949_
   1.18e-06   5.42e-07   8.44e-12   1.73e-06 _15957_
   1.18e-06   5.42e-07   8.44e-12   1.73e-06 _15961_
   1.18e-06   5.42e-07   8.44e-12   1.73e-06 _15873_
   1.17e-06   5.59e-07   8.44e-12   1.72e-06 _16708_
   1.18e-06   5.42e-07   8.44e-12   1.72e-06 _15895_
   1.18e-06   5.42e-07   8.44e-12   1.72e-06 _15887_
   1.19e-06   5.36e-07   8.44e-12   1.72e-06 _15933_
   1.18e-06   5.36e-07   8.44e-12   1.72e-06 _15869_
   1.18e-06   5.42e-07   8.44e-12   1.72e-06 _15941_
   1.18e-06   5.42e-07   8.44e-12   1.72e-06 _15945_
   1.26e-06   4.52e-07   8.44e-12   1.71e-06 _16090_
   1.09e-06   6.26e-07   8.44e-12   1.71e-06 _16644_
   1.26e-06   4.52e-07   8.44e-12   1.71e-06 _16082_
   1.26e-06   4.52e-07   8.44e-12   1.71e-06 _16086_
   1.26e-06   4.52e-07   8.44e-12   1.71e-06 _16071_
   1.26e-06   4.52e-07   8.44e-12   1.71e-06 _16075_
   1.05e-06   6.60e-07   8.44e-12   1.71e-06 _16683_
   1.08e-06   6.23e-07   8.44e-12   1.71e-06 _16653_
   1.05e-06   6.54e-07   8.44e-12   1.71e-06 _16703_
   1.05e-06   6.49e-07   8.44e-12   1.70e-06 _16687_
   1.05e-06   6.49e-07   8.44e-12   1.70e-06 _16699_
   1.18e-06   5.14e-07   8.44e-12   1.70e-06 _15953_
   1.18e-06   5.12e-07   8.44e-12   1.69e-06 _16778_
   1.05e-06   6.40e-07   8.44e-12   1.69e-06 _16698_
   1.18e-06   5.12e-07   8.44e-12   1.69e-06 _15320_
   1.18e-06   5.12e-07   8.44e-12   1.69e-06 _15303_
   1.18e-06   5.12e-07   8.44e-12   1.69e-06 _16785_
   1.18e-06   5.08e-07   8.44e-12   1.69e-06 _16868_
   1.18e-06   5.12e-07   8.44e-12   1.69e-06 _16780_
   1.18e-06   5.12e-07   8.44e-12   1.69e-06 _16723_
   1.08e-06   6.01e-07   8.44e-12   1.69e-06 _16646_
   1.05e-06   6.34e-07   8.44e-12   1.69e-06 _16692_
   1.08e-06   5.91e-07   8.44e-12   1.67e-06 _16663_
   1.08e-06   5.91e-07   8.44e-12   1.67e-06 _16671_
   1.18e-06   4.87e-07   8.44e-12   1.67e-06 _16852_
   1.18e-06   4.87e-07   8.44e-12   1.67e-06 _15322_
   1.18e-06   4.87e-07   8.44e-12   1.67e-06 _16849_
   1.18e-06   4.72e-07   8.44e-12   1.65e-06 _16741_
   1.19e-06   4.61e-07   8.44e-12   1.65e-06 _15934_
   1.19e-06   4.61e-07   8.44e-12   1.65e-06 _15870_
   1.19e-06   4.61e-07   8.44e-12   1.65e-06 _15952_
   1.19e-06   4.52e-07   8.44e-12   1.64e-06 _15964_
   1.05e-06   5.84e-07   8.44e-12   1.63e-06 _16677_
   1.18e-06   4.52e-07   8.44e-12   1.63e-06 _16860_
   1.05e-06   5.81e-07   8.44e-12   1.63e-06 _16679_
   1.18e-06   4.47e-07   8.44e-12   1.63e-06 _15900_
   1.19e-06   4.34e-07   8.44e-12   1.63e-06 _15939_
   1.19e-06   4.34e-07   8.44e-12   1.62e-06 _15898_
   1.19e-06   4.34e-07   8.44e-12   1.62e-06 _15955_
   1.19e-06   4.34e-07   8.44e-12   1.62e-06 _15886_
   1.19e-06   4.34e-07   8.44e-12   1.62e-06 _15935_
   1.19e-06   4.34e-07   8.44e-12   1.62e-06 _15936_
   1.19e-06   4.34e-07   8.44e-12   1.62e-06 _15956_
   1.19e-06   4.34e-07   8.44e-12   1.62e-06 _15940_
   1.19e-06   4.34e-07   8.44e-12   1.62e-06 _15894_
   1.19e-06   4.34e-07   8.44e-12   1.62e-06 _15890_
   1.19e-06   4.34e-07   8.44e-12   1.62e-06 _15871_
   1.19e-06   4.34e-07   8.44e-12   1.62e-06 _15947_
   1.19e-06   4.34e-07   8.44e-12   1.62e-06 _15943_
   1.19e-06   4.34e-07   8.44e-12   1.62e-06 _15944_
   1.19e-06   4.34e-07   8.44e-12   1.62e-06 _15948_
   1.19e-06   4.34e-07   8.44e-12   1.62e-06 _15872_
   1.18e-06   4.34e-07   8.44e-12   1.62e-06 _15960_
   1.18e-06   4.34e-07   8.44e-12   1.62e-06 _15951_
   1.18e-06   4.34e-07   8.44e-12   1.62e-06 _15897_
   1.18e-06   4.34e-07   8.44e-12   1.62e-06 _15878_
   1.18e-06   4.34e-07   8.44e-12   1.62e-06 _15959_
   1.18e-06   4.34e-07   8.44e-12   1.62e-06 _15893_
   1.18e-06   4.34e-07   8.44e-12   1.62e-06 _15882_
   1.05e-06   5.67e-07   8.44e-12   1.62e-06 _16686_
   1.05e-06   5.67e-07   8.44e-12   1.62e-06 _16689_
   1.18e-06   4.34e-07   8.44e-12   1.61e-06 _15885_
   1.06e-06   5.58e-07   8.44e-12   1.61e-06 _16684_
   1.18e-06   4.34e-07   8.44e-12   1.61e-06 _15889_
   1.19e-06   4.25e-07   8.44e-12   1.61e-06 _15938_
   1.19e-06   4.25e-07   8.44e-12   1.61e-06 _15942_
   1.19e-06   4.25e-07   8.44e-12   1.61e-06 _15950_
   1.19e-06   4.25e-07   8.44e-12   1.61e-06 _15880_
   1.19e-06   4.25e-07   8.44e-12   1.61e-06 _15954_
   1.19e-06   4.25e-07   8.44e-12   1.61e-06 _15958_
   1.18e-06   4.34e-07   8.44e-12   1.61e-06 _15877_
   1.05e-06   5.61e-07   8.44e-12   1.61e-06 _16701_
   1.19e-06   4.25e-07   8.44e-12   1.61e-06 _15892_
   1.18e-06   4.25e-07   8.44e-12   1.61e-06 _15884_
   1.05e-06   5.61e-07   8.44e-12   1.61e-06 _16680_
   1.18e-06   4.25e-07   8.44e-12   1.61e-06 _15896_
   1.18e-06   4.25e-07   8.44e-12   1.61e-06 _15888_
   1.17e-06   4.34e-07   8.44e-12   1.61e-06 _15881_
   1.18e-06   4.25e-07   8.44e-12   1.61e-06 _15946_
   1.49e-06   1.15e-07   8.44e-12   1.61e-06 _16296_
   1.05e-06   5.56e-07   8.44e-12   1.61e-06 _16681_
   1.05e-06   5.56e-07   8.44e-12   1.61e-06 _16690_
   1.05e-06   5.56e-07   8.44e-12   1.61e-06 _16693_
   1.18e-06   4.25e-07   8.44e-12   1.60e-06 _16731_
   1.05e-06   5.50e-07   8.44e-12   1.60e-06 _16696_
   1.18e-06   4.21e-07   8.44e-12   1.60e-06 _16732_
   1.17e-06   4.25e-07   8.44e-12   1.60e-06 _16843_
   1.16e-06   4.33e-07   8.44e-12   1.60e-06 _16841_
   1.18e-06   4.17e-07   8.44e-12   1.60e-06 _16789_
   1.18e-06   4.17e-07   8.44e-12   1.59e-06 _16717_
   1.44e-06   1.54e-07   8.44e-12   1.59e-06 _16346_
   1.44e-06   1.54e-07   8.44e-12   1.59e-06 _16378_
   1.44e-06   1.49e-07   8.44e-12   1.59e-06 _16330_
   1.44e-06   1.49e-07   8.44e-12   1.59e-06 _16362_
   1.44e-06   1.49e-07   8.44e-12   1.59e-06 _16266_
   1.18e-06   4.12e-07   8.44e-12   1.59e-06 _15318_
   1.18e-06   4.12e-07   8.44e-12   1.59e-06 _15307_
   1.18e-06   4.12e-07   8.44e-12   1.59e-06 _16804_
   1.18e-06   4.16e-07   8.44e-12   1.59e-06 _16844_
   1.18e-06   4.11e-07   8.44e-12   1.59e-06 _16869_
   1.18e-06   4.12e-07   8.44e-12   1.59e-06 _16799_
   1.18e-06   4.12e-07   8.44e-12   1.59e-06 _16803_
   1.18e-06   4.12e-07   8.44e-12   1.59e-06 _15317_
   1.17e-06   4.12e-07   8.44e-12   1.59e-06 _16716_
   1.43e-06   1.51e-07   8.44e-12   1.59e-06 _16307_
   1.47e-06   1.13e-07   8.44e-12   1.58e-06 _16350_
   1.47e-06   1.13e-07   8.44e-12   1.58e-06 _16254_
   1.47e-06   1.13e-07   8.44e-12   1.58e-06 _16286_
   1.23e-06   3.46e-07   8.44e-12   1.58e-06 _16800_
   1.43e-06   1.47e-07   8.44e-12   1.58e-06 _16298_
   1.43e-06   1.47e-07   8.44e-12   1.58e-06 _16358_
   1.43e-06   1.47e-07   8.44e-12   1.58e-06 _16262_
   1.05e-06   5.25e-07   8.44e-12   1.58e-06 _16650_
   1.43e-06   1.47e-07   8.44e-12   1.57e-06 _16332_
   1.43e-06   1.47e-07   8.44e-12   1.57e-06 _16364_
   1.43e-06   1.47e-07   8.44e-12   1.57e-06 _16268_
   1.42e-06   1.51e-07   8.44e-12   1.57e-06 _16290_
   1.42e-06   1.50e-07   8.44e-12   1.57e-06 _16280_
   1.42e-06   1.46e-07   8.44e-12   1.57e-06 _16328_
   1.42e-06   1.46e-07   8.44e-12   1.57e-06 _16360_
   1.05e-06   5.18e-07   8.44e-12   1.57e-06 _16704_
   9.83e-07   5.83e-07   8.44e-12   1.57e-06 _16661_
   1.42e-06   1.45e-07   8.44e-12   1.57e-06 _16348_
   1.42e-06   1.45e-07   8.44e-12   1.56e-06 _16372_
   1.42e-06   1.45e-07   8.44e-12   1.56e-06 _16276_
   1.42e-06   1.45e-07   8.44e-12   1.56e-06 _16338_
   1.42e-06   1.45e-07   8.44e-12   1.56e-06 _16370_
   1.05e-06   5.10e-07   8.44e-12   1.56e-06 _16647_
   1.42e-06   1.45e-07   8.44e-12   1.56e-06 _16274_
   1.42e-06   1.45e-07   8.44e-12   1.56e-06 _16272_
   1.41e-06   1.49e-07   8.44e-12   1.56e-06 _16312_
   1.41e-06   1.49e-07   8.44e-12   1.56e-06 _16344_
   1.41e-06   1.49e-07   8.44e-12   1.56e-06 _16376_
   1.42e-06   1.44e-07   8.44e-12   1.56e-06 _16306_
   1.18e-06   3.79e-07   8.44e-12   1.56e-06 _16725_
   1.18e-06   3.79e-07   8.44e-12   1.56e-06 _16733_
   1.41e-06   1.44e-07   8.44e-12   1.56e-06 _16322_
   1.41e-06   1.44e-07   8.44e-12   1.56e-06 _16354_
   1.41e-06   1.43e-07   8.44e-12   1.55e-06 _16256_
   1.41e-06   1.43e-07   8.44e-12   1.55e-06 _16352_
   1.41e-06   1.43e-07   8.44e-12   1.55e-06 _16288_
   1.41e-06   1.44e-07   8.44e-12   1.55e-06 _16304_
   1.05e-06   5.05e-07   8.44e-12   1.55e-06 _16691_
   1.18e-06   3.74e-07   8.44e-12   1.55e-06 _16866_
   1.41e-06   1.43e-07   8.44e-12   1.55e-06 _16316_
   1.18e-06   3.74e-07   8.44e-12   1.55e-06 _15298_
   1.44e-06   1.08e-07   8.44e-12   1.55e-06 _16164_
   1.44e-06   1.08e-07   8.44e-12   1.55e-06 _16420_
   1.44e-06   1.08e-07   8.44e-12   1.54e-06 _16388_
   1.11e-06   4.30e-07   8.44e-12   1.54e-06 _16706_
   1.42e-06   1.05e-07   8.44e-12   1.52e-06 _16422_
   1.41e-06   1.05e-07   8.44e-12   1.52e-06 _16386_
   1.41e-06   1.05e-07   8.44e-12   1.52e-06 _16482_
   1.18e-06   3.37e-07   8.44e-12   1.52e-06 _16781_
   1.37e-06   1.41e-07   8.44e-12   1.52e-06 _16412_
   1.18e-06   3.35e-07   8.44e-12   1.51e-06 _16863_
   1.18e-06   3.35e-07   8.44e-12   1.51e-06 _16735_
   1.41e-06   1.04e-07   8.44e-12   1.51e-06 _16448_
   1.18e-06   3.32e-07   8.44e-12   1.51e-06 _16724_
   1.41e-06   1.04e-07   8.44e-12   1.51e-06 _16468_
   1.18e-06   3.30e-07   8.44e-12   1.51e-06 _16856_
   1.18e-06   3.29e-07   8.44e-12   1.51e-06 _16796_
   1.18e-06   3.29e-07   8.44e-12   1.51e-06 _15314_
   1.18e-06   3.30e-07   8.44e-12   1.51e-06 _16713_
   1.18e-06   3.30e-07   8.44e-12   1.51e-06 _16788_
   1.37e-06   1.36e-07   8.44e-12   1.51e-06 _16130_
   1.18e-06   3.30e-07   8.44e-12   1.51e-06 _15306_
   1.04e-06   4.67e-07   8.44e-12   1.51e-06 _16705_
   1.18e-06   3.30e-07   8.44e-12   1.51e-06 _16847_
   1.18e-06   3.30e-07   8.44e-12   1.51e-06 _15301_
   1.37e-06   1.35e-07   8.44e-12   1.50e-06 _16138_
   1.17e-06   3.30e-07   8.44e-12   1.50e-06 _15297_
   1.37e-06   1.35e-07   8.44e-12   1.50e-06 _16170_
   1.36e-06   1.40e-07   8.44e-12   1.50e-06 _16492_
   1.36e-06   1.40e-07   8.44e-12   1.50e-06 _16384_
   1.36e-06   1.40e-07   8.44e-12   1.50e-06 _16480_
   1.37e-06   1.35e-07   8.44e-12   1.50e-06 _16402_
   1.37e-06   1.35e-07   8.44e-12   1.50e-06 _16142_
   1.06e-06   4.42e-07   8.44e-12   1.50e-06 _16658_
   1.37e-06   1.35e-07   8.44e-12   1.50e-06 _16450_
   1.37e-06   1.35e-07   8.44e-12   1.50e-06 _16166_
   1.37e-06   1.35e-07   8.44e-12   1.50e-06 _16486_
   1.37e-06   1.35e-07   8.44e-12   1.50e-06 _16394_
   1.37e-06   1.35e-07   8.44e-12   1.50e-06 _16426_
   1.37e-06   1.35e-07   8.44e-12   1.50e-06 _16382_
   1.37e-06   1.35e-07   8.44e-12   1.50e-06 _16454_
   1.37e-06   1.35e-07   8.44e-12   1.50e-06 _16466_
   1.37e-06   1.35e-07   8.44e-12   1.50e-06 _16146_
   1.37e-06   1.35e-07   8.44e-12   1.50e-06 _16134_
   1.36e-06   1.35e-07   8.44e-12   1.50e-06 _16174_
   1.36e-06   1.35e-07   8.44e-12   1.50e-06 _16398_
   1.36e-06   1.35e-07   8.44e-12   1.50e-06 _16430_
   1.36e-06   1.35e-07   8.44e-12   1.50e-06 _16494_
   1.36e-06   1.35e-07   8.44e-12   1.50e-06 _16462_
   1.36e-06   1.35e-07   8.44e-12   1.50e-06 _16144_
   1.36e-06   1.35e-07   8.44e-12   1.50e-06 _16148_
   1.36e-06   1.34e-07   8.44e-12   1.49e-06 _16446_
   1.36e-06   1.34e-07   8.44e-12   1.49e-06 _16508_
   1.36e-06   1.33e-07   8.44e-12   1.49e-06 _16392_
   1.36e-06   1.33e-07   8.44e-12   1.49e-06 _16456_
   1.35e-06   1.33e-07   8.44e-12   1.49e-06 _16500_
   1.35e-06   1.33e-07   8.44e-12   1.49e-06 _16488_
   1.35e-06   1.33e-07   8.44e-12   1.49e-06 _16474_
   1.18e-06   3.09e-07   8.44e-12   1.49e-06 _15323_
   1.05e-06   4.37e-07   8.44e-12   1.49e-06 _16678_
   1.18e-06   3.09e-07   8.44e-12   1.49e-06 _16850_
   1.35e-06   1.32e-07   8.44e-12   1.48e-06 _16476_
   1.05e-06   4.35e-07   8.44e-12   1.48e-06 _16694_
   1.08e-06   4.03e-07   8.44e-12   1.48e-06 _16639_
   9.83e-07   5.00e-07   8.44e-12   1.48e-06 _16655_
   1.35e-06   1.36e-07   8.44e-12   1.48e-06 _16472_
   9.83e-07   4.97e-07   8.44e-12   1.48e-06 _16667_
   1.34e-06   1.31e-07   8.44e-12   1.47e-06 _16162_
   1.18e-06   2.97e-07   8.44e-12   1.47e-06 _15299_
   1.34e-06   1.31e-07   8.44e-12   1.47e-06 _16496_
   1.05e-06   4.17e-07   8.44e-12   1.47e-06 _16656_
   1.05e-06   4.16e-07   8.44e-12   1.47e-06 _16645_
   1.05e-06   4.16e-07   8.44e-12   1.47e-06 _16664_
   1.05e-06   4.16e-07   8.44e-12   1.47e-06 _16672_
   1.05e-06   4.16e-07   8.44e-12   1.47e-06 _16668_
   1.05e-06   4.11e-07   8.44e-12   1.46e-06 _16662_
   1.05e-06   4.11e-07   8.44e-12   1.46e-06 _16666_
   1.05e-06   4.11e-07   8.44e-12   1.46e-06 _16670_
   1.05e-06   4.12e-07   8.44e-12   1.46e-06 _16682_
   1.05e-06   4.12e-07   8.44e-12   1.46e-06 _16685_
   1.05e-06   4.12e-07   8.44e-12   1.46e-06 _16697_
   1.05e-06   4.11e-07   8.44e-12   1.46e-06 _16702_
   1.33e-06   1.28e-07   8.44e-12   1.46e-06 _16140_
   1.05e-06   4.06e-07   8.44e-12   1.45e-06 _16688_
   1.05e-06   4.06e-07   8.44e-12   1.45e-06 _16700_
   1.18e-06   2.76e-07   8.44e-12   1.45e-06 _16861_
   9.55e-07   4.89e-07   8.44e-12   1.44e-06 _16649_
   1.06e-06   3.70e-07   8.44e-12   1.43e-06 _16641_
   1.15e-06   2.73e-07   8.44e-12   1.43e-06 _15645_
   1.15e-06   2.73e-07   8.44e-12   1.43e-06 _15709_
   1.15e-06   2.73e-07   8.44e-12   1.43e-06 _15773_
   1.15e-06   2.73e-07   8.44e-12   1.43e-06 _15837_
   1.14e-06   2.73e-07   8.44e-12   1.42e-06 _15646_
   1.14e-06   2.73e-07   8.44e-12   1.42e-06 _15710_
   1.14e-06   2.73e-07   8.44e-12   1.42e-06 _15838_
   1.14e-06   2.73e-07   8.44e-12   1.42e-06 _15774_
   1.14e-06   2.73e-07   8.44e-12   1.41e-06 _15647_
   1.14e-06   2.73e-07   8.44e-12   1.41e-06 _15711_
   1.14e-06   2.73e-07   8.44e-12   1.41e-06 _15839_
   1.14e-06   2.73e-07   8.44e-12   1.41e-06 _15775_
   1.14e-06   2.73e-07   8.44e-12   1.41e-06 _15648_
   1.14e-06   2.73e-07   8.44e-12   1.41e-06 _15712_
   1.14e-06   2.73e-07   8.44e-12   1.41e-06 _15776_
   1.14e-06   2.73e-07   8.44e-12   1.41e-06 _15840_
   1.14e-06   2.73e-07   8.44e-12   1.41e-06 _15649_
   1.14e-06   2.73e-07   8.44e-12   1.41e-06 _15713_
   1.14e-06   2.73e-07   8.44e-12   1.41e-06 _15777_
   1.14e-06   2.73e-07   8.44e-12   1.41e-06 _15841_
   1.14e-06   2.73e-07   8.44e-12   1.41e-06 _15651_
   1.14e-06   2.73e-07   8.44e-12   1.41e-06 _15652_
   1.14e-06   2.73e-07   8.44e-12   1.41e-06 _15653_
   1.14e-06   2.73e-07   8.44e-12   1.41e-06 _15655_
   1.14e-06   2.73e-07   8.44e-12   1.41e-06 _15656_
   1.14e-06   2.73e-07   8.44e-12   1.41e-06 _15657_
   1.14e-06   2.73e-07   8.44e-12   1.41e-06 _15659_
   1.14e-06   2.73e-07   8.44e-12   1.41e-06 _15662_
   1.14e-06   2.73e-07   8.44e-12   1.41e-06 _15663_
   1.14e-06   2.73e-07   8.44e-12   1.41e-06 _15665_
   1.14e-06   2.73e-07   8.44e-12   1.41e-06 _15667_
   1.14e-06   2.73e-07   8.44e-12   1.41e-06 _15668_
   1.14e-06   2.73e-07   8.44e-12   1.41e-06 _15669_
   1.14e-06   2.73e-07   8.44e-12   1.41e-06 _15671_
   1.14e-06   2.73e-07   8.44e-12   1.41e-06 _15672_
   1.14e-06   2.73e-07   8.44e-12   1.41e-06 _15673_
   1.14e-06   2.73e-07   8.44e-12   1.41e-06 _15676_
   1.14e-06   2.73e-07   8.44e-12   1.41e-06 _15715_
   1.14e-06   2.73e-07   8.44e-12   1.41e-06 _15716_
   1.14e-06   2.73e-07   8.44e-12   1.41e-06 _15717_
   1.14e-06   2.73e-07   8.44e-12   1.41e-06 _15719_
   1.14e-06   2.73e-07   8.44e-12   1.41e-06 _15720_
   1.14e-06   2.73e-07   8.44e-12   1.41e-06 _15721_
   1.14e-06   2.73e-07   8.44e-12   1.41e-06 _15723_
   1.14e-06   2.73e-07   8.44e-12   1.41e-06 _15726_
   1.14e-06   2.73e-07   8.44e-12   1.41e-06 _15727_
   1.14e-06   2.73e-07   8.44e-12   1.41e-06 _15729_
   1.14e-06   2.73e-07   8.44e-12   1.41e-06 _15731_
   1.14e-06   2.73e-07   8.44e-12   1.41e-06 _15732_
   1.14e-06   2.73e-07   8.44e-12   1.41e-06 _15733_
   1.14e-06   2.73e-07   8.44e-12   1.41e-06 _15735_
   1.14e-06   2.73e-07   8.44e-12   1.41e-06 _15736_
   1.14e-06   2.73e-07   8.44e-12   1.41e-06 _15737_
   1.14e-06   2.73e-07   8.44e-12   1.41e-06 _15740_
   1.14e-06   2.73e-07   8.44e-12   1.41e-06 _15849_
   1.14e-06   2.73e-07   8.44e-12   1.41e-06 _15851_
   1.14e-06   2.73e-07   8.44e-12   1.41e-06 _15854_
   1.14e-06   2.73e-07   8.44e-12   1.41e-06 _15855_
   1.14e-06   2.73e-07   8.44e-12   1.41e-06 _15857_
   1.14e-06   2.73e-07   8.44e-12   1.41e-06 _15859_
   1.14e-06   2.73e-07   8.44e-12   1.41e-06 _15860_
   1.14e-06   2.73e-07   8.44e-12   1.41e-06 _15861_
   1.14e-06   2.73e-07   8.44e-12   1.41e-06 _15863_
   1.14e-06   2.73e-07   8.44e-12   1.41e-06 _15864_
   1.14e-06   2.73e-07   8.44e-12   1.41e-06 _15865_
   1.14e-06   2.73e-07   8.44e-12   1.41e-06 _15868_
   1.14e-06   2.73e-07   8.44e-12   1.41e-06 _15779_
   1.14e-06   2.73e-07   8.44e-12   1.41e-06 _15780_
   1.14e-06   2.73e-07   8.44e-12   1.41e-06 _15781_
   1.14e-06   2.73e-07   8.44e-12   1.41e-06 _15783_
   1.14e-06   2.73e-07   8.44e-12   1.41e-06 _15784_
   1.14e-06   2.73e-07   8.44e-12   1.41e-06 _15785_
   1.14e-06   2.73e-07   8.44e-12   1.41e-06 _15787_
   1.14e-06   2.73e-07   8.44e-12   1.41e-06 _15790_
   1.14e-06   2.73e-07   8.44e-12   1.41e-06 _15791_
   1.14e-06   2.73e-07   8.44e-12   1.41e-06 _15793_
   1.14e-06   2.73e-07   8.44e-12   1.41e-06 _15795_
   1.14e-06   2.73e-07   8.44e-12   1.41e-06 _15796_
   1.14e-06   2.73e-07   8.44e-12   1.41e-06 _15797_
   1.14e-06   2.73e-07   8.44e-12   1.41e-06 _15799_
   1.14e-06   2.73e-07   8.44e-12   1.41e-06 _15800_
   1.14e-06   2.73e-07   8.44e-12   1.41e-06 _15801_
   1.14e-06   2.73e-07   8.44e-12   1.41e-06 _15804_
   1.14e-06   2.73e-07   8.44e-12   1.41e-06 _15843_
   1.14e-06   2.73e-07   8.44e-12   1.41e-06 _15844_
   1.14e-06   2.73e-07   8.44e-12   1.41e-06 _15845_
   1.14e-06   2.73e-07   8.44e-12   1.41e-06 _15847_
   1.14e-06   2.73e-07   8.44e-12   1.41e-06 _15848_
   9.83e-07   4.32e-07   8.44e-12   1.41e-06 _16659_
   1.14e-06   2.73e-07   8.44e-12   1.41e-06 _15650_
   1.14e-06   2.73e-07   8.44e-12   1.41e-06 _15714_
   1.14e-06   2.73e-07   8.44e-12   1.41e-06 _15778_
   1.14e-06   2.73e-07   8.44e-12   1.41e-06 _15842_
   1.14e-06   2.73e-07   8.44e-12   1.41e-06 _15654_
   1.14e-06   2.73e-07   8.44e-12   1.41e-06 _15658_
   1.14e-06   2.73e-07   8.44e-12   1.41e-06 _15660_
   1.14e-06   2.73e-07   8.44e-12   1.41e-06 _15661_
   1.14e-06   2.73e-07   8.44e-12   1.41e-06 _15664_
   1.14e-06   2.73e-07   8.44e-12   1.41e-06 _15666_
   1.14e-06   2.73e-07   8.44e-12   1.41e-06 _15670_
   1.14e-06   2.73e-07   8.44e-12   1.41e-06 _15718_
   1.14e-06   2.73e-07   8.44e-12   1.41e-06 _15722_
   1.14e-06   2.73e-07   8.44e-12   1.41e-06 _15724_
   1.14e-06   2.73e-07   8.44e-12   1.41e-06 _15725_
   1.14e-06   2.73e-07   8.44e-12   1.41e-06 _15728_
   1.14e-06   2.73e-07   8.44e-12   1.41e-06 _15730_
   1.14e-06   2.73e-07   8.44e-12   1.41e-06 _15734_
   1.14e-06   2.73e-07   8.44e-12   1.41e-06 _15850_
   1.14e-06   2.73e-07   8.44e-12   1.41e-06 _15852_
   1.14e-06   2.73e-07   8.44e-12   1.41e-06 _15853_
   1.14e-06   2.73e-07   8.44e-12   1.41e-06 _15856_
   1.14e-06   2.73e-07   8.44e-12   1.41e-06 _15858_
   1.14e-06   2.73e-07   8.44e-12   1.41e-06 _15862_
   1.14e-06   2.73e-07   8.44e-12   1.41e-06 _15782_
   1.14e-06   2.73e-07   8.44e-12   1.41e-06 _15786_
   1.14e-06   2.73e-07   8.44e-12   1.41e-06 _15788_
   1.14e-06   2.73e-07   8.44e-12   1.41e-06 _15789_
   1.14e-06   2.73e-07   8.44e-12   1.41e-06 _15792_
   1.14e-06   2.73e-07   8.44e-12   1.41e-06 _15794_
   1.14e-06   2.73e-07   8.44e-12   1.41e-06 _15798_
   1.14e-06   2.73e-07   8.44e-12   1.41e-06 _15846_
   1.14e-06   2.73e-07   8.44e-12   1.41e-06 _15674_
   1.14e-06   2.73e-07   8.44e-12   1.41e-06 _15738_
   1.14e-06   2.73e-07   8.44e-12   1.41e-06 _15866_
   1.14e-06   2.73e-07   8.44e-12   1.41e-06 _15802_
   1.14e-06   2.73e-07   8.44e-12   1.41e-06 _15675_
   1.14e-06   2.73e-07   8.44e-12   1.41e-06 _15739_
   1.14e-06   2.73e-07   8.44e-12   1.41e-06 _15867_
   1.14e-06   2.73e-07   8.44e-12   1.41e-06 _15803_
   9.82e-07   4.31e-07   8.44e-12   1.41e-06 _16674_
   1.29e-06   1.19e-07   8.44e-12   1.41e-06 _16333_
   1.29e-06   1.19e-07   8.44e-12   1.41e-06 _16336_
   1.29e-06   1.19e-07   8.44e-12   1.41e-06 _16368_
   1.29e-06   1.19e-07   8.44e-12   1.41e-06 _16293_
   1.01e-06   4.01e-07   8.44e-12   1.41e-06 _16726_
   1.00e-06   4.04e-07   8.44e-12   1.41e-06 _16730_
   1.00e-06   4.01e-07   8.44e-12   1.40e-06 _16736_
   1.28e-06   1.19e-07   8.44e-12   1.40e-06 _16264_
   1.00e-06   4.00e-07   8.44e-12   1.40e-06 _16842_
   1.28e-06   1.18e-07   8.44e-12   1.40e-06 _16380_
   1.00e-06   3.98e-07   8.44e-12   1.40e-06 _16794_
   1.00e-06   3.98e-07   8.44e-12   1.40e-06 _15312_
   1.28e-06   1.17e-07   8.44e-12   1.39e-06 _16258_
   1.28e-06   1.17e-07   8.44e-12   1.39e-06 _16327_
   1.28e-06   1.17e-07   8.44e-12   1.39e-06 _16359_
   1.27e-06   1.16e-07   8.44e-12   1.39e-06 _16302_
   1.27e-06   1.16e-07   8.44e-12   1.39e-06 _16334_
   1.27e-06   1.16e-07   8.44e-12   1.39e-06 _16366_
   1.27e-06   1.16e-07   8.44e-12   1.39e-06 _16270_
   1.26e-06   1.21e-07   8.44e-12   1.38e-06 _16324_
   1.26e-06   1.15e-07   8.44e-12   1.38e-06 _16318_
   1.29e-06   8.75e-08   8.44e-12   1.38e-06 _16218_
   1.26e-06   1.15e-07   8.44e-12   1.38e-06 _16308_
   1.29e-06   8.75e-08   8.44e-12   1.38e-06 _16244_
   1.29e-06   8.75e-08   8.44e-12   1.38e-06 _16236_
   1.26e-06   1.15e-07   8.44e-12   1.38e-06 _16326_
   1.26e-06   1.14e-07   8.44e-12   1.38e-06 _16294_
   1.26e-06   1.14e-07   8.44e-12   1.37e-06 _16331_
   1.26e-06   1.14e-07   8.44e-12   1.37e-06 _16363_
   1.26e-06   1.14e-07   8.44e-12   1.37e-06 _16267_
   1.26e-06   1.14e-07   8.44e-12   1.37e-06 _16317_
   1.26e-06   1.14e-07   8.44e-12   1.37e-06 _16349_
   1.26e-06   1.14e-07   8.44e-12   1.37e-06 _16253_
   1.26e-06   1.14e-07   8.44e-12   1.37e-06 _16300_
   1.26e-06   1.14e-07   8.44e-12   1.37e-06 _16337_
   1.26e-06   1.14e-07   8.44e-12   1.37e-06 _16369_
   1.26e-06   1.14e-07   8.44e-12   1.37e-06 _16273_
   1.26e-06   1.15e-07   8.44e-12   1.37e-06 _16325_
   1.26e-06   1.15e-07   8.44e-12   1.37e-06 _16357_
   1.26e-06   1.14e-07   8.44e-12   1.37e-06 _16285_
   1.26e-06   1.14e-07   8.44e-12   1.37e-06 _16329_
   1.26e-06   1.14e-07   8.44e-12   1.37e-06 _16361_
   1.26e-06   1.14e-07   8.44e-12   1.37e-06 _16265_
   1.26e-06   1.13e-07   8.44e-12   1.37e-06 _16305_
   1.26e-06   1.13e-07   8.44e-12   1.37e-06 _16287_
   1.25e-06   1.13e-07   8.44e-12   1.37e-06 _16365_
   1.28e-06   8.70e-08   8.44e-12   1.37e-06 _16612_
   1.25e-06   1.13e-07   8.44e-12   1.37e-06 _16340_
   1.25e-06   1.13e-07   8.44e-12   1.37e-06 _16261_
   1.25e-06   1.13e-07   8.44e-12   1.37e-06 _16297_
   1.25e-06   1.13e-07   8.44e-12   1.37e-06 _16284_
   1.25e-06   1.13e-07   8.44e-12   1.37e-06 _16269_
   1.25e-06   1.13e-07   8.44e-12   1.37e-06 _16314_
   1.25e-06   1.13e-07   8.44e-12   1.37e-06 _16301_
   1.25e-06   1.13e-07   8.44e-12   1.37e-06 _16347_
   1.25e-06   1.13e-07   8.44e-12   1.36e-06 _16339_
   1.25e-06   1.13e-07   8.44e-12   1.36e-06 _16371_
   1.25e-06   1.12e-07   8.44e-12   1.36e-06 _16283_
   1.25e-06   1.12e-07   8.44e-12   1.36e-06 _16259_
   1.25e-06   1.12e-07   8.44e-12   1.36e-06 _16323_
   1.25e-06   1.12e-07   8.44e-12   1.36e-06 _16355_
   1.24e-06   1.16e-07   8.44e-12   1.36e-06 _16260_
   1.25e-06   1.12e-07   8.44e-12   1.36e-06 _16291_
   1.24e-06   1.16e-07   8.44e-12   1.36e-06 _16292_
   1.25e-06   1.12e-07   8.44e-12   1.36e-06 _16320_
   1.25e-06   1.12e-07   8.44e-12   1.36e-06 _16303_
   1.25e-06   1.12e-07   8.44e-12   1.36e-06 _16257_
   1.25e-06   1.12e-07   8.44e-12   1.36e-06 _16321_
   1.25e-06   1.12e-07   8.44e-12   1.36e-06 _16353_
   1.25e-06   1.12e-07   8.44e-12   1.36e-06 _16282_
   1.25e-06   1.12e-07   8.44e-12   1.36e-06 _16289_
   1.24e-06   1.15e-07   8.44e-12   1.36e-06 _16356_
   1.24e-06   1.11e-07   8.44e-12   1.36e-06 _16281_
   1.24e-06   1.11e-07   8.44e-12   1.36e-06 _16255_
   1.24e-06   1.11e-07   8.44e-12   1.36e-06 _16319_
   1.24e-06   1.11e-07   8.44e-12   1.36e-06 _16351_
   1.24e-06   1.11e-07   8.44e-12   1.36e-06 _16168_
   1.24e-06   1.11e-07   8.44e-12   1.36e-06 _16131_
   1.24e-06   1.11e-07   8.44e-12   1.35e-06 _16299_
   1.24e-06   1.11e-07   8.44e-12   1.35e-06 _16295_
   1.24e-06   1.11e-07   8.44e-12   1.35e-06 _16313_
   1.24e-06   1.11e-07   8.44e-12   1.35e-06 _16345_
   1.24e-06   1.11e-07   8.44e-12   1.35e-06 _16377_
   1.24e-06   1.11e-07   8.44e-12   1.35e-06 _16160_
   1.24e-06   1.11e-07   8.44e-12   1.35e-06 _16424_
   1.24e-06   1.11e-07   8.44e-12   1.35e-06 _16416_
   1.24e-06   1.11e-07   8.44e-12   1.35e-06 _16167_
   1.24e-06   1.11e-07   8.44e-12   1.35e-06 _16484_
   1.24e-06   1.10e-07   8.44e-12   1.35e-06 _16452_
   1.24e-06   1.10e-07   8.44e-12   1.35e-06 _16460_
   1.24e-06   1.10e-07   8.44e-12   1.35e-06 _16275_
   1.24e-06   1.10e-07   8.44e-12   1.35e-06 _16172_
   1.24e-06   1.10e-07   8.44e-12   1.35e-06 _16180_
   1.24e-06   1.10e-07   8.44e-12   1.35e-06 _16404_
   1.24e-06   1.10e-07   8.44e-12   1.35e-06 _16436_
   1.24e-06   1.10e-07   8.44e-12   1.35e-06 _16396_
   1.24e-06   1.10e-07   8.44e-12   1.35e-06 _16428_
   1.23e-06   1.14e-07   8.44e-12   1.35e-06 _16248_
   1.24e-06   1.10e-07   8.44e-12   1.35e-06 _16464_
   1.24e-06   1.10e-07   8.44e-12   1.35e-06 _16423_
   1.26e-06   8.39e-08   8.44e-12   1.35e-06 _16601_
   1.00e-06   3.43e-07   8.44e-12   1.35e-06 _16734_
   1.00e-06   3.43e-07   8.44e-12   1.34e-06 _16719_
   1.23e-06   1.14e-07   8.44e-12   1.34e-06 _16202_
   1.00e-06   3.39e-07   8.44e-12   1.34e-06 _16862_
   1.23e-06   1.14e-07   8.44e-12   1.34e-06 _16222_
   1.00e-06   3.38e-07   8.44e-12   1.34e-06 _16864_
   1.00e-06   3.38e-07   8.44e-12   1.34e-06 _16727_
   1.00e-06   3.38e-07   8.44e-12   1.34e-06 _16846_
   1.00e-06   3.38e-07   8.44e-12   1.34e-06 _15296_
   1.00e-06   3.38e-07   8.44e-12   1.34e-06 _16737_
   1.00e-06   3.38e-07   8.44e-12   1.34e-06 _16782_
   1.00e-06   3.38e-07   8.44e-12   1.34e-06 _16791_
   1.00e-06   3.38e-07   8.44e-12   1.34e-06 _16712_
   1.00e-06   3.38e-07   8.44e-12   1.34e-06 _15300_
   1.23e-06   1.09e-07   8.44e-12   1.34e-06 _16449_
   1.00e-06   3.38e-07   8.44e-12   1.34e-06 _15309_
   1.00e-06   3.38e-07   8.44e-12   1.34e-06 _16855_
   1.00e-06   3.40e-07   8.44e-12   1.34e-06 _16795_
   1.00e-06   3.36e-07   8.44e-12   1.34e-06 _15316_
   1.23e-06   1.09e-07   8.44e-12   1.34e-06 _16126_
   9.99e-07   3.40e-07   8.44e-12   1.34e-06 _15313_
   1.00e-06   3.36e-07   8.44e-12   1.34e-06 _16798_
   1.23e-06   1.08e-07   8.44e-12   1.34e-06 _16156_
   1.23e-06   1.08e-07   8.44e-12   1.33e-06 _16188_
   1.23e-06   1.08e-07   8.44e-12   1.33e-06 _16444_
   1.23e-06   1.08e-07   8.44e-12   1.33e-06 _16418_
   9.95e-07   3.38e-07   8.44e-12   1.33e-06 _16787_
   9.95e-07   3.38e-07   8.44e-12   1.33e-06 _15305_
   1.22e-06   1.07e-07   8.44e-12   1.33e-06 _16176_
   1.22e-06   1.07e-07   8.44e-12   1.33e-06 _16400_
   1.22e-06   1.07e-07   8.44e-12   1.33e-06 _16432_
   1.22e-06   1.08e-07   8.44e-12   1.33e-06 _16210_
   1.22e-06   1.08e-07   8.44e-12   1.33e-06 _16178_
   1.22e-06   1.08e-07   8.44e-12   1.33e-06 _16434_
   1.22e-06   1.08e-07   8.44e-12   1.33e-06 _16498_
   1.22e-06   1.08e-07   8.44e-12   1.33e-06 _16194_
   1.22e-06   1.08e-07   8.44e-12   1.33e-06 _16198_
   1.22e-06   1.08e-07   8.44e-12   1.33e-06 _16206_
   1.22e-06   1.08e-07   8.44e-12   1.33e-06 _16224_
   1.22e-06   1.07e-07   8.44e-12   1.33e-06 _16158_
   1.22e-06   1.07e-07   8.44e-12   1.33e-06 _16390_
   1.22e-06   1.07e-07   8.44e-12   1.33e-06 _16490_
   1.22e-06   1.07e-07   8.44e-12   1.33e-06 _16414_
   1.22e-06   1.08e-07   8.44e-12   1.33e-06 _16232_
   1.22e-06   1.08e-07   8.44e-12   1.33e-06 _16128_
   1.22e-06   1.07e-07   8.44e-12   1.33e-06 _16169_
   1.22e-06   1.07e-07   8.44e-12   1.33e-06 _16157_
   9.89e-07   3.39e-07   8.44e-12   1.33e-06 _16715_
   1.22e-06   1.07e-07   8.44e-12   1.33e-06 _16177_
   1.22e-06   1.07e-07   8.44e-12   1.33e-06 _16401_
   1.22e-06   1.07e-07   8.44e-12   1.33e-06 _16433_
   1.22e-06   1.07e-07   8.44e-12   1.33e-06 _16497_
   1.22e-06   1.07e-07   8.44e-12   1.33e-06 _16165_
   1.22e-06   1.07e-07   8.44e-12   1.33e-06 _16421_
   1.22e-06   1.07e-07   8.44e-12   1.33e-06 _16485_
   1.22e-06   1.07e-07   8.44e-12   1.33e-06 _16389_
   1.22e-06   1.07e-07   8.44e-12   1.33e-06 _16413_
   1.22e-06   1.07e-07   8.44e-12   1.33e-06 _16477_
   1.22e-06   1.07e-07   8.44e-12   1.33e-06 _16385_
   1.22e-06   1.07e-07   8.44e-12   1.33e-06 _16481_
   1.22e-06   1.07e-07   8.44e-12   1.33e-06 _16393_
   1.22e-06   1.07e-07   8.44e-12   1.33e-06 _16425_
   1.22e-06   1.07e-07   8.44e-12   1.33e-06 _16489_
   1.22e-06   1.07e-07   8.44e-12   1.33e-06 _16381_
   1.22e-06   1.07e-07   8.44e-12   1.33e-06 _16453_
   1.22e-06   1.07e-07   8.44e-12   1.33e-06 _16465_
   1.22e-06   1.08e-07   8.44e-12   1.33e-06 _16242_
   1.22e-06   1.07e-07   8.44e-12   1.33e-06 _16136_
   1.22e-06   1.07e-07   8.44e-12   1.33e-06 _16141_
   1.22e-06   1.07e-07   8.44e-12   1.33e-06 _16461_
   1.22e-06   1.07e-07   8.44e-12   1.33e-06 _16145_
   1.22e-06   1.07e-07   8.44e-12   1.33e-06 _16133_
   1.22e-06   1.07e-07   8.44e-12   1.33e-06 _16173_
   1.22e-06   1.07e-07   8.44e-12   1.33e-06 _16397_
   1.22e-06   1.07e-07   8.44e-12   1.33e-06 _16429_
   1.22e-06   1.07e-07   8.44e-12   1.33e-06 _16493_
   1.22e-06   1.07e-07   8.44e-12   1.33e-06 _16161_
   1.22e-06   1.07e-07   8.44e-12   1.33e-06 _16417_
   1.22e-06   1.07e-07   8.44e-12   1.33e-06 _16311_
   1.22e-06   1.07e-07   8.44e-12   1.33e-06 _16343_
   1.22e-06   1.07e-07   8.44e-12   1.33e-06 _16375_
   1.22e-06   1.07e-07   8.44e-12   1.33e-06 _16279_
   1.22e-06   1.06e-07   8.44e-12   1.32e-06 _16184_
   1.22e-06   1.06e-07   8.44e-12   1.32e-06 _16408_
   1.22e-06   1.06e-07   8.44e-12   1.32e-06 _16440_
   1.22e-06   1.06e-07   8.44e-12   1.32e-06 _16504_
   1.22e-06   1.08e-07   8.44e-12   1.32e-06 _16132_
   1.22e-06   1.06e-07   8.44e-12   1.32e-06 _16175_
   1.22e-06   1.06e-07   8.44e-12   1.32e-06 _16399_
   1.22e-06   1.06e-07   8.44e-12   1.32e-06 _16431_
   1.22e-06   1.06e-07   8.44e-12   1.32e-06 _16495_
   1.22e-06   1.06e-07   8.44e-12   1.32e-06 _16391_
   1.22e-06   1.06e-07   8.44e-12   1.32e-06 _16457_
   1.22e-06   1.06e-07   8.44e-12   1.32e-06 _16451_
   1.22e-06   1.06e-07   8.44e-12   1.32e-06 _16387_
   1.22e-06   1.06e-07   8.44e-12   1.32e-06 _16483_
   1.22e-06   1.06e-07   8.44e-12   1.32e-06 _16163_
   1.22e-06   1.06e-07   8.44e-12   1.32e-06 _16419_
   1.21e-06   1.06e-07   8.44e-12   1.32e-06 _16155_
   1.21e-06   1.06e-07   8.44e-12   1.32e-06 _16445_
   1.21e-06   1.06e-07   8.44e-12   1.32e-06 _16187_
   1.21e-06   1.06e-07   8.44e-12   1.32e-06 _16411_
   1.21e-06   1.06e-07   8.44e-12   1.32e-06 _16443_
   1.21e-06   1.06e-07   8.44e-12   1.32e-06 _16507_
   1.21e-06   1.09e-07   8.44e-12   1.32e-06 _16335_
   1.21e-06   1.09e-07   8.44e-12   1.32e-06 _16367_
   1.21e-06   1.09e-07   8.44e-12   1.32e-06 _16271_
   1.00e-06   3.15e-07   8.44e-12   1.32e-06 _16858_
   1.21e-06   1.05e-07   8.44e-12   1.32e-06 _16127_
   1.21e-06   1.05e-07   8.44e-12   1.32e-06 _16137_
   1.21e-06   1.09e-07   8.44e-12   1.31e-06 _16263_
   1.21e-06   1.05e-07   8.44e-12   1.31e-06 _16143_
   1.21e-06   1.05e-07   8.44e-12   1.31e-06 _16147_
   1.21e-06   1.05e-07   8.44e-12   1.31e-06 _16171_
   1.21e-06   1.05e-07   8.44e-12   1.31e-06 _16179_
   1.21e-06   1.05e-07   8.44e-12   1.31e-06 _16403_
   1.21e-06   1.05e-07   8.44e-12   1.31e-06 _16435_
   1.21e-06   1.05e-07   8.44e-12   1.31e-06 _16499_
   1.21e-06   1.05e-07   8.44e-12   1.31e-06 _16159_
   1.21e-06   1.05e-07   8.44e-12   1.31e-06 _16487_
   1.21e-06   1.05e-07   8.44e-12   1.31e-06 _16395_
   1.21e-06   1.05e-07   8.44e-12   1.31e-06 _16427_
   1.21e-06   1.05e-07   8.44e-12   1.31e-06 _16491_
   1.21e-06   1.05e-07   8.44e-12   1.31e-06 _16415_
   1.21e-06   1.05e-07   8.44e-12   1.31e-06 _16467_
   1.21e-06   1.05e-07   8.44e-12   1.31e-06 _16125_
   1.21e-06   1.05e-07   8.44e-12   1.31e-06 _16463_
   1.21e-06   1.05e-07   8.44e-12   1.31e-06 _16447_
   1.21e-06   1.05e-07   8.44e-12   1.31e-06 _16185_
   1.21e-06   1.05e-07   8.44e-12   1.31e-06 _16409_
   1.21e-06   1.05e-07   8.44e-12   1.31e-06 _16441_
   1.21e-06   1.05e-07   8.44e-12   1.31e-06 _16505_
   1.21e-06   1.05e-07   8.44e-12   1.31e-06 _16473_
   1.21e-06   1.05e-07   8.44e-12   1.31e-06 _16154_
   1.20e-06   1.08e-07   8.44e-12   1.31e-06 _16315_
   1.20e-06   1.08e-07   8.44e-12   1.31e-06 _16379_
   1.20e-06   1.04e-07   8.44e-12   1.31e-06 _16186_
   1.20e-06   1.04e-07   8.44e-12   1.31e-06 _16410_
   1.20e-06   1.04e-07   8.44e-12   1.31e-06 _16442_
   1.20e-06   1.04e-07   8.44e-12   1.31e-06 _16506_
   1.20e-06   1.04e-07   8.44e-12   1.31e-06 _16152_
   9.55e-07   3.45e-07   8.44e-12   1.30e-06 _16652_
   1.19e-06   1.06e-07   8.44e-12   1.30e-06 _16478_
   1.07e-06   2.27e-07   8.44e-12   1.30e-06 _15389_
   1.07e-06   2.27e-07   8.44e-12   1.30e-06 _15390_
   1.07e-06   2.27e-07   8.44e-12   1.30e-06 _15391_
   1.07e-06   2.27e-07   8.44e-12   1.30e-06 _15392_
   1.07e-06   2.27e-07   8.44e-12   1.30e-06 _15393_
   1.07e-06   2.27e-07   8.44e-12   1.30e-06 _15394_
   1.07e-06   2.27e-07   8.44e-12   1.30e-06 _15395_
   1.07e-06   2.27e-07   8.44e-12   1.30e-06 _15396_
   1.07e-06   2.27e-07   8.44e-12   1.30e-06 _15397_
   1.07e-06   2.27e-07   8.44e-12   1.30e-06 _15398_
   1.07e-06   2.27e-07   8.44e-12   1.30e-06 _15399_
   1.07e-06   2.27e-07   8.44e-12   1.30e-06 _15400_
   1.07e-06   2.27e-07   8.44e-12   1.30e-06 _15401_
   1.07e-06   2.27e-07   8.44e-12   1.30e-06 _15402_
   1.07e-06   2.27e-07   8.44e-12   1.30e-06 _15403_
   1.07e-06   2.27e-07   8.44e-12   1.30e-06 _15404_
   1.07e-06   2.27e-07   8.44e-12   1.30e-06 _15405_
   1.07e-06   2.27e-07   8.44e-12   1.30e-06 _15406_
   1.07e-06   2.27e-07   8.44e-12   1.30e-06 _15407_
   1.07e-06   2.27e-07   8.44e-12   1.30e-06 _15408_
   1.07e-06   2.27e-07   8.44e-12   1.30e-06 _15409_
   1.07e-06   2.27e-07   8.44e-12   1.30e-06 _15410_
   1.07e-06   2.27e-07   8.44e-12   1.30e-06 _15411_
   1.07e-06   2.27e-07   8.44e-12   1.30e-06 _15412_
   1.07e-06   2.27e-07   8.44e-12   1.30e-06 _15413_
   1.07e-06   2.27e-07   8.44e-12   1.30e-06 _15414_
   1.07e-06   2.27e-07   8.44e-12   1.30e-06 _15415_
   1.07e-06   2.27e-07   8.44e-12   1.30e-06 _15416_
   1.07e-06   2.27e-07   8.44e-12   1.30e-06 _15417_
   1.07e-06   2.27e-07   8.44e-12   1.30e-06 _15418_
   1.07e-06   2.27e-07   8.44e-12   1.30e-06 _15419_
   1.07e-06   2.27e-07   8.44e-12   1.30e-06 _15420_
   1.07e-06   2.27e-07   8.44e-12   1.30e-06 _15453_
   1.07e-06   2.27e-07   8.44e-12   1.30e-06 _15454_
   1.07e-06   2.27e-07   8.44e-12   1.30e-06 _15455_
   1.07e-06   2.27e-07   8.44e-12   1.30e-06 _15456_
   1.07e-06   2.27e-07   8.44e-12   1.30e-06 _15457_
   1.07e-06   2.27e-07   8.44e-12   1.30e-06 _15458_
   1.07e-06   2.27e-07   8.44e-12   1.30e-06 _15459_
   1.07e-06   2.27e-07   8.44e-12   1.30e-06 _15460_
   1.07e-06   2.27e-07   8.44e-12   1.30e-06 _15461_
   1.07e-06   2.27e-07   8.44e-12   1.30e-06 _15462_
   1.07e-06   2.27e-07   8.44e-12   1.30e-06 _15463_
   1.07e-06   2.27e-07   8.44e-12   1.30e-06 _15464_
   1.07e-06   2.27e-07   8.44e-12   1.30e-06 _15465_
   1.07e-06   2.27e-07   8.44e-12   1.30e-06 _15466_
   1.07e-06   2.27e-07   8.44e-12   1.30e-06 _15467_
   1.07e-06   2.27e-07   8.44e-12   1.30e-06 _15468_
   1.07e-06   2.27e-07   8.44e-12   1.30e-06 _15469_
   1.07e-06   2.27e-07   8.44e-12   1.30e-06 _15470_
   1.07e-06   2.27e-07   8.44e-12   1.30e-06 _15471_
   1.07e-06   2.27e-07   8.44e-12   1.30e-06 _15472_
   1.07e-06   2.27e-07   8.44e-12   1.30e-06 _15473_
   1.07e-06   2.27e-07   8.44e-12   1.30e-06 _15474_
   1.07e-06   2.27e-07   8.44e-12   1.30e-06 _15475_
   1.07e-06   2.27e-07   8.44e-12   1.30e-06 _15476_
   1.07e-06   2.27e-07   8.44e-12   1.30e-06 _15477_
   1.07e-06   2.27e-07   8.44e-12   1.30e-06 _15478_
   1.07e-06   2.27e-07   8.44e-12   1.30e-06 _15479_
   1.07e-06   2.27e-07   8.44e-12   1.30e-06 _15480_
   1.07e-06   2.27e-07   8.44e-12   1.30e-06 _15481_
   1.07e-06   2.27e-07   8.44e-12   1.30e-06 _15482_
   1.07e-06   2.27e-07   8.44e-12   1.30e-06 _15483_
   1.07e-06   2.27e-07   8.44e-12   1.30e-06 _15484_
   1.07e-06   2.27e-07   8.44e-12   1.30e-06 _15517_
   1.07e-06   2.27e-07   8.44e-12   1.30e-06 _15518_
   1.07e-06   2.27e-07   8.44e-12   1.30e-06 _15519_
   1.07e-06   2.27e-07   8.44e-12   1.30e-06 _15520_
   1.07e-06   2.27e-07   8.44e-12   1.30e-06 _15521_
   1.07e-06   2.27e-07   8.44e-12   1.30e-06 _15522_
   1.07e-06   2.27e-07   8.44e-12   1.30e-06 _15523_
   1.07e-06   2.27e-07   8.44e-12   1.30e-06 _15524_
   1.07e-06   2.27e-07   8.44e-12   1.30e-06 _15525_
   1.07e-06   2.27e-07   8.44e-12   1.30e-06 _15526_
   1.07e-06   2.27e-07   8.44e-12   1.30e-06 _15527_
   1.07e-06   2.27e-07   8.44e-12   1.30e-06 _15528_
   1.07e-06   2.27e-07   8.44e-12   1.30e-06 _15529_
   1.07e-06   2.27e-07   8.44e-12   1.30e-06 _15530_
   1.07e-06   2.27e-07   8.44e-12   1.30e-06 _15531_
   1.07e-06   2.27e-07   8.44e-12   1.30e-06 _15532_
   1.07e-06   2.27e-07   8.44e-12   1.30e-06 _15533_
   1.07e-06   2.27e-07   8.44e-12   1.30e-06 _15534_
   1.07e-06   2.27e-07   8.44e-12   1.30e-06 _15535_
   1.07e-06   2.27e-07   8.44e-12   1.30e-06 _15536_
   1.07e-06   2.27e-07   8.44e-12   1.30e-06 _15537_
   1.07e-06   2.27e-07   8.44e-12   1.30e-06 _15538_
   1.07e-06   2.27e-07   8.44e-12   1.30e-06 _15539_
   1.07e-06   2.27e-07   8.44e-12   1.30e-06 _15540_
   1.07e-06   2.27e-07   8.44e-12   1.30e-06 _15541_
   1.07e-06   2.27e-07   8.44e-12   1.30e-06 _15542_
   1.07e-06   2.27e-07   8.44e-12   1.30e-06 _15543_
   1.07e-06   2.27e-07   8.44e-12   1.30e-06 _15544_
   1.07e-06   2.27e-07   8.44e-12   1.30e-06 _15545_
   1.07e-06   2.27e-07   8.44e-12   1.30e-06 _15546_
   1.07e-06   2.27e-07   8.44e-12   1.30e-06 _15547_
   1.07e-06   2.27e-07   8.44e-12   1.30e-06 _15548_
   1.07e-06   2.27e-07   8.44e-12   1.30e-06 _15581_
   1.07e-06   2.27e-07   8.44e-12   1.30e-06 _15582_
   1.07e-06   2.27e-07   8.44e-12   1.30e-06 _15583_
   1.07e-06   2.27e-07   8.44e-12   1.30e-06 _15584_
   1.07e-06   2.27e-07   8.44e-12   1.30e-06 _15585_
   1.07e-06   2.27e-07   8.44e-12   1.30e-06 _15586_
   1.07e-06   2.27e-07   8.44e-12   1.30e-06 _15587_
   1.07e-06   2.27e-07   8.44e-12   1.30e-06 _15588_
   1.07e-06   2.27e-07   8.44e-12   1.30e-06 _15589_
   1.07e-06   2.27e-07   8.44e-12   1.30e-06 _15590_
   1.07e-06   2.27e-07   8.44e-12   1.30e-06 _15591_
   1.07e-06   2.27e-07   8.44e-12   1.30e-06 _15592_
   1.07e-06   2.27e-07   8.44e-12   1.30e-06 _15593_
   1.07e-06   2.27e-07   8.44e-12   1.30e-06 _15594_
   1.07e-06   2.27e-07   8.44e-12   1.30e-06 _15595_
   1.07e-06   2.27e-07   8.44e-12   1.30e-06 _15596_
   1.07e-06   2.27e-07   8.44e-12   1.30e-06 _15597_
   1.07e-06   2.27e-07   8.44e-12   1.30e-06 _15598_
   1.07e-06   2.27e-07   8.44e-12   1.30e-06 _15599_
   1.07e-06   2.27e-07   8.44e-12   1.30e-06 _15600_
   1.07e-06   2.27e-07   8.44e-12   1.30e-06 _15601_
   1.07e-06   2.27e-07   8.44e-12   1.30e-06 _15602_
   1.07e-06   2.27e-07   8.44e-12   1.30e-06 _15603_
   1.07e-06   2.27e-07   8.44e-12   1.30e-06 _15604_
   1.07e-06   2.27e-07   8.44e-12   1.30e-06 _15605_
   1.07e-06   2.27e-07   8.44e-12   1.30e-06 _15606_
   1.07e-06   2.27e-07   8.44e-12   1.30e-06 _15607_
   1.07e-06   2.27e-07   8.44e-12   1.30e-06 _15608_
   1.07e-06   2.27e-07   8.44e-12   1.30e-06 _15609_
   1.07e-06   2.27e-07   8.44e-12   1.30e-06 _15610_
   1.07e-06   2.27e-07   8.44e-12   1.30e-06 _15611_
   1.07e-06   2.27e-07   8.44e-12   1.30e-06 _15612_
   1.07e-06   2.27e-07   8.44e-12   1.30e-06 _15965_
   1.07e-06   2.27e-07   8.44e-12   1.30e-06 _15966_
   1.07e-06   2.27e-07   8.44e-12   1.30e-06 _15967_
   1.07e-06   2.27e-07   8.44e-12   1.30e-06 _15968_
   1.07e-06   2.27e-07   8.44e-12   1.30e-06 _15969_
   1.07e-06   2.27e-07   8.44e-12   1.30e-06 _15970_
   1.07e-06   2.27e-07   8.44e-12   1.30e-06 _15971_
   1.07e-06   2.27e-07   8.44e-12   1.30e-06 _15972_
   1.07e-06   2.27e-07   8.44e-12   1.30e-06 _15973_
   1.07e-06   2.27e-07   8.44e-12   1.30e-06 _15974_
   1.07e-06   2.27e-07   8.44e-12   1.30e-06 _15975_
   1.07e-06   2.27e-07   8.44e-12   1.30e-06 _15976_
   1.07e-06   2.27e-07   8.44e-12   1.30e-06 _15977_
   1.07e-06   2.27e-07   8.44e-12   1.30e-06 _15978_
   1.07e-06   2.27e-07   8.44e-12   1.30e-06 _15979_
   1.07e-06   2.27e-07   8.44e-12   1.30e-06 _15980_
   1.07e-06   2.27e-07   8.44e-12   1.30e-06 _15981_
   1.07e-06   2.27e-07   8.44e-12   1.30e-06 _15982_
   1.07e-06   2.27e-07   8.44e-12   1.30e-06 _15983_
   1.07e-06   2.27e-07   8.44e-12   1.30e-06 _15984_
   1.07e-06   2.27e-07   8.44e-12   1.30e-06 _15985_
   1.07e-06   2.27e-07   8.44e-12   1.30e-06 _15986_
   1.07e-06   2.27e-07   8.44e-12   1.30e-06 _15987_
   1.07e-06   2.27e-07   8.44e-12   1.30e-06 _15988_
   1.07e-06   2.27e-07   8.44e-12   1.30e-06 _15989_
   1.07e-06   2.27e-07   8.44e-12   1.30e-06 _15990_
   1.07e-06   2.27e-07   8.44e-12   1.30e-06 _15991_
   1.07e-06   2.27e-07   8.44e-12   1.30e-06 _15992_
   1.07e-06   2.27e-07   8.44e-12   1.30e-06 _15993_
   1.07e-06   2.27e-07   8.44e-12   1.30e-06 _15994_
   1.07e-06   2.27e-07   8.44e-12   1.30e-06 _15995_
   1.07e-06   2.27e-07   8.44e-12   1.30e-06 _15996_
   1.07e-06   2.27e-07   8.44e-12   1.30e-06 _16029_
   1.07e-06   2.27e-07   8.44e-12   1.30e-06 _16030_
   1.07e-06   2.27e-07   8.44e-12   1.30e-06 _16031_
   1.07e-06   2.27e-07   8.44e-12   1.30e-06 _16032_
   1.07e-06   2.27e-07   8.44e-12   1.30e-06 _16033_
   1.07e-06   2.27e-07   8.44e-12   1.30e-06 _16034_
   1.07e-06   2.27e-07   8.44e-12   1.30e-06 _16035_
   1.07e-06   2.27e-07   8.44e-12   1.30e-06 _16036_
   1.07e-06   2.27e-07   8.44e-12   1.30e-06 _16037_
   1.07e-06   2.27e-07   8.44e-12   1.30e-06 _16038_
   1.07e-06   2.27e-07   8.44e-12   1.30e-06 _16039_
   1.07e-06   2.27e-07   8.44e-12   1.30e-06 _16040_
   1.07e-06   2.27e-07   8.44e-12   1.30e-06 _16041_
   1.07e-06   2.27e-07   8.44e-12   1.30e-06 _16042_
   1.07e-06   2.27e-07   8.44e-12   1.30e-06 _16043_
   1.07e-06   2.27e-07   8.44e-12   1.30e-06 _16044_
   1.07e-06   2.27e-07   8.44e-12   1.30e-06 _16045_
   1.07e-06   2.27e-07   8.44e-12   1.30e-06 _16046_
   1.07e-06   2.27e-07   8.44e-12   1.30e-06 _16047_
   1.07e-06   2.27e-07   8.44e-12   1.30e-06 _16048_
   1.07e-06   2.27e-07   8.44e-12   1.30e-06 _16049_
   1.07e-06   2.27e-07   8.44e-12   1.30e-06 _16050_
   1.07e-06   2.27e-07   8.44e-12   1.30e-06 _16051_
   1.07e-06   2.27e-07   8.44e-12   1.30e-06 _16052_
   1.07e-06   2.27e-07   8.44e-12   1.30e-06 _16053_
   1.07e-06   2.27e-07   8.44e-12   1.30e-06 _16054_
   1.07e-06   2.27e-07   8.44e-12   1.30e-06 _16055_
   1.07e-06   2.27e-07   8.44e-12   1.30e-06 _16056_
   1.07e-06   2.27e-07   8.44e-12   1.30e-06 _16057_
   1.07e-06   2.27e-07   8.44e-12   1.30e-06 _16058_
   1.07e-06   2.27e-07   8.44e-12   1.30e-06 _16059_
   1.07e-06   2.27e-07   8.44e-12   1.30e-06 _16060_
   1.07e-06   2.27e-07   8.44e-12   1.30e-06 _16093_
   1.07e-06   2.27e-07   8.44e-12   1.30e-06 _16094_
   1.07e-06   2.27e-07   8.44e-12   1.30e-06 _16095_
   1.07e-06   2.27e-07   8.44e-12   1.30e-06 _16096_
   1.07e-06   2.27e-07   8.44e-12   1.30e-06 _16097_
   1.07e-06   2.27e-07   8.44e-12   1.30e-06 _16098_
   1.07e-06   2.27e-07   8.44e-12   1.30e-06 _16099_
   1.07e-06   2.27e-07   8.44e-12   1.30e-06 _16100_
   1.07e-06   2.27e-07   8.44e-12   1.30e-06 _16101_
   1.07e-06   2.27e-07   8.44e-12   1.30e-06 _16102_
   1.07e-06   2.27e-07   8.44e-12   1.30e-06 _16103_
   1.07e-06   2.27e-07   8.44e-12   1.30e-06 _16104_
   1.07e-06   2.27e-07   8.44e-12   1.30e-06 _16105_
   1.07e-06   2.27e-07   8.44e-12   1.30e-06 _16106_
   1.07e-06   2.27e-07   8.44e-12   1.30e-06 _16107_
   1.07e-06   2.27e-07   8.44e-12   1.30e-06 _16108_
   1.07e-06   2.27e-07   8.44e-12   1.30e-06 _16109_
   1.07e-06   2.27e-07   8.44e-12   1.30e-06 _16110_
   1.07e-06   2.27e-07   8.44e-12   1.30e-06 _16111_
   1.07e-06   2.27e-07   8.44e-12   1.30e-06 _16112_
   1.07e-06   2.27e-07   8.44e-12   1.30e-06 _16113_
   1.07e-06   2.27e-07   8.44e-12   1.30e-06 _16114_
   1.07e-06   2.27e-07   8.44e-12   1.30e-06 _16115_
   1.07e-06   2.27e-07   8.44e-12   1.30e-06 _16116_
   1.07e-06   2.27e-07   8.44e-12   1.30e-06 _16117_
   1.07e-06   2.27e-07   8.44e-12   1.30e-06 _16118_
   1.07e-06   2.27e-07   8.44e-12   1.30e-06 _16119_
   1.07e-06   2.27e-07   8.44e-12   1.30e-06 _16120_
   1.07e-06   2.27e-07   8.44e-12   1.30e-06 _16121_
   1.07e-06   2.27e-07   8.44e-12   1.30e-06 _16122_
   1.07e-06   2.27e-07   8.44e-12   1.30e-06 _16123_
   1.07e-06   2.27e-07   8.44e-12   1.30e-06 _16124_
   1.07e-06   2.27e-07   8.44e-12   1.30e-06 _15901_
   1.07e-06   2.27e-07   8.44e-12   1.30e-06 _15902_
   1.07e-06   2.27e-07   8.44e-12   1.30e-06 _15903_
   1.07e-06   2.27e-07   8.44e-12   1.30e-06 _15904_
   1.07e-06   2.27e-07   8.44e-12   1.30e-06 _15905_
   1.07e-06   2.27e-07   8.44e-12   1.30e-06 _15906_
   1.07e-06   2.27e-07   8.44e-12   1.30e-06 _15907_
   1.07e-06   2.27e-07   8.44e-12   1.30e-06 _15908_
   1.07e-06   2.27e-07   8.44e-12   1.30e-06 _15909_
   1.07e-06   2.27e-07   8.44e-12   1.30e-06 _15910_
   1.07e-06   2.27e-07   8.44e-12   1.30e-06 _15911_
   1.07e-06   2.27e-07   8.44e-12   1.30e-06 _15912_
   1.07e-06   2.27e-07   8.44e-12   1.30e-06 _15913_
   1.07e-06   2.27e-07   8.44e-12   1.30e-06 _15914_
   1.07e-06   2.27e-07   8.44e-12   1.30e-06 _15915_
   1.07e-06   2.27e-07   8.44e-12   1.30e-06 _15916_
   1.07e-06   2.27e-07   8.44e-12   1.30e-06 _15917_
   1.07e-06   2.27e-07   8.44e-12   1.30e-06 _15918_
   1.07e-06   2.27e-07   8.44e-12   1.30e-06 _15919_
   1.07e-06   2.27e-07   8.44e-12   1.30e-06 _15920_
   1.07e-06   2.27e-07   8.44e-12   1.30e-06 _15921_
   1.07e-06   2.27e-07   8.44e-12   1.30e-06 _15922_
   1.07e-06   2.27e-07   8.44e-12   1.30e-06 _15923_
   1.07e-06   2.27e-07   8.44e-12   1.30e-06 _15924_
   1.07e-06   2.27e-07   8.44e-12   1.30e-06 _15925_
   1.07e-06   2.27e-07   8.44e-12   1.30e-06 _15926_
   1.07e-06   2.27e-07   8.44e-12   1.30e-06 _15927_
   1.07e-06   2.27e-07   8.44e-12   1.30e-06 _15928_
   1.07e-06   2.27e-07   8.44e-12   1.30e-06 _15929_
   1.07e-06   2.27e-07   8.44e-12   1.30e-06 _15930_
   1.07e-06   2.27e-07   8.44e-12   1.30e-06 _15931_
   1.07e-06   2.27e-07   8.44e-12   1.30e-06 _15932_
   1.19e-06   1.06e-07   8.44e-12   1.30e-06 _16458_
   1.19e-06   1.01e-07   8.44e-12   1.29e-06 _16278_
   1.19e-06   1.01e-07   8.44e-12   1.29e-06 _16310_
   1.19e-06   1.01e-07   8.44e-12   1.29e-06 _16342_
   1.19e-06   1.01e-07   8.44e-12   1.29e-06 _16374_
   1.18e-06   1.04e-07   8.44e-12   1.28e-06 _16139_
   1.18e-06   1.04e-07   8.44e-12   1.28e-06 _16129_
   1.00e-06   2.80e-07   8.44e-12   1.28e-06 _16802_
   1.18e-06   1.03e-07   8.44e-12   1.28e-06 _16135_
   1.18e-06   9.95e-08   8.44e-12   1.28e-06 _16151_
   9.99e-07   2.80e-07   8.44e-12   1.28e-06 _16783_
   1.17e-06   1.03e-07   8.44e-12   1.28e-06 _16459_
   1.17e-06   1.02e-07   8.44e-12   1.27e-06 _16383_
   1.17e-06   1.02e-07   8.44e-12   1.27e-06 _16479_
   1.17e-06   1.02e-07   8.44e-12   1.27e-06 _16455_
   1.17e-06   1.02e-07   8.44e-12   1.27e-06 _16153_
   1.17e-06   1.02e-07   8.44e-12   1.27e-06 _16475_
   1.00e-06   2.69e-07   8.44e-12   1.27e-06 _16801_
   1.17e-06   9.72e-08   8.44e-12   1.27e-06 _16569_
   1.17e-06   9.70e-08   8.44e-12   1.26e-06 _16570_
   1.00e-06   2.58e-07   8.44e-12   1.26e-06 _16848_
   1.00e-06   2.58e-07   8.44e-12   1.26e-06 _15302_
   1.17e-06   9.67e-08   8.44e-12   1.26e-06 _16558_
   1.17e-06   9.67e-08   8.44e-12   1.26e-06 _16575_
   1.00e-06   2.58e-07   8.44e-12   1.26e-06 _16805_
   1.17e-06   9.66e-08   8.44e-12   1.26e-06 _16568_
   1.00e-06   2.58e-07   8.44e-12   1.26e-06 _16784_
   1.00e-06   2.58e-07   8.44e-12   1.26e-06 _15308_
   1.00e-06   2.58e-07   8.44e-12   1.26e-06 _16854_
   1.00e-06   2.58e-07   8.44e-12   1.26e-06 _15319_
   1.00e-06   2.58e-07   8.44e-12   1.26e-06 _16797_
   1.00e-06   2.58e-07   8.44e-12   1.26e-06 _15315_
   1.00e-06   2.58e-07   8.44e-12   1.26e-06 _16845_
   1.00e-06   2.55e-07   8.44e-12   1.26e-06 _16790_
   1.16e-06   9.62e-08   8.44e-12   1.26e-06 _16150_
   1.16e-06   9.62e-08   8.44e-12   1.26e-06 _16182_
   1.16e-06   9.62e-08   8.44e-12   1.26e-06 _16406_
   1.16e-06   9.62e-08   8.44e-12   1.26e-06 _16438_
   1.16e-06   9.62e-08   8.44e-12   1.26e-06 _16470_
   1.16e-06   9.62e-08   8.44e-12   1.26e-06 _16502_
   1.16e-06   9.59e-08   8.44e-12   1.26e-06 _16574_
   1.00e-06   2.55e-07   8.44e-12   1.26e-06 _16714_
   1.16e-06   9.33e-08   8.44e-12   1.26e-06 _16637_
   1.00e-06   2.55e-07   8.44e-12   1.26e-06 _16718_
   1.16e-06   9.59e-08   8.44e-12   1.26e-06 _16551_
   9.99e-07   2.58e-07   8.44e-12   1.26e-06 _16857_
   1.16e-06   9.58e-08   8.44e-12   1.26e-06 _16557_
   1.00e-06   2.55e-07   8.44e-12   1.26e-06 _16739_
   1.16e-06   9.57e-08   8.44e-12   1.25e-06 _16543_
   9.97e-07   2.58e-07   8.44e-12   1.25e-06 _16793_
   1.00e-06   2.55e-07   8.44e-12   1.25e-06 _16721_
   1.16e-06   9.53e-08   8.44e-12   1.25e-06 _16196_
   9.96e-07   2.58e-07   8.44e-12   1.25e-06 _15311_
   1.16e-06   9.53e-08   8.44e-12   1.25e-06 _16571_
   9.99e-07   2.55e-07   8.44e-12   1.25e-06 _16729_
   9.95e-07   2.58e-07   8.44e-12   1.25e-06 _16851_
   1.16e-06   9.53e-08   8.44e-12   1.25e-06 _16567_
   1.16e-06   9.53e-08   8.44e-12   1.25e-06 _16277_
   1.16e-06   9.53e-08   8.44e-12   1.25e-06 _16309_
   1.16e-06   9.53e-08   8.44e-12   1.25e-06 _16341_
   1.16e-06   9.53e-08   8.44e-12   1.25e-06 _16373_
   1.16e-06   9.53e-08   8.44e-12   1.25e-06 _16228_
   1.16e-06   9.52e-08   8.44e-12   1.25e-06 _16572_
   1.16e-06   9.49e-08   8.44e-12   1.25e-06 _16560_
   1.16e-06   9.49e-08   8.44e-12   1.25e-06 _16559_
   1.15e-06   9.46e-08   8.44e-12   1.25e-06 _16576_
   1.15e-06   9.46e-08   8.44e-12   1.25e-06 _16553_
   1.15e-06   9.43e-08   8.44e-12   1.25e-06 _16562_
   1.15e-06   9.43e-08   8.44e-12   1.25e-06 _16564_
   1.15e-06   9.44e-08   8.44e-12   1.25e-06 _16580_
   1.15e-06   9.41e-08   8.44e-12   1.25e-06 _16545_
   1.15e-06   9.40e-08   8.44e-12   1.24e-06 _16578_
   1.15e-06   9.39e-08   8.44e-12   1.24e-06 _16563_
   1.15e-06   9.40e-08   8.44e-12   1.24e-06 _16552_
   1.15e-06   9.39e-08   8.44e-12   1.24e-06 _16541_
   1.15e-06   9.39e-08   8.44e-12   1.24e-06 _16542_
   1.15e-06   9.36e-08   8.44e-12   1.24e-06 _16550_
   1.14e-06   9.69e-08   8.44e-12   1.24e-06 _16183_
   1.14e-06   9.69e-08   8.44e-12   1.24e-06 _16407_
   1.14e-06   9.69e-08   8.44e-12   1.24e-06 _16439_
   1.14e-06   9.69e-08   8.44e-12   1.24e-06 _16471_
   1.14e-06   9.69e-08   8.44e-12   1.24e-06 _16503_
   1.15e-06   9.31e-08   8.44e-12   1.24e-06 _16561_
   1.15e-06   9.31e-08   8.44e-12   1.24e-06 _16555_
   1.15e-06   9.31e-08   8.44e-12   1.24e-06 _16579_
   1.15e-06   9.30e-08   8.44e-12   1.24e-06 _16546_
   1.14e-06   9.28e-08   8.44e-12   1.24e-06 _16556_
   1.14e-06   9.27e-08   8.44e-12   1.24e-06 _16544_
   1.14e-06   9.22e-08   8.44e-12   1.23e-06 _16577_
   1.14e-06   9.16e-08   8.44e-12   1.23e-06 _16204_
   1.14e-06   9.16e-08   8.44e-12   1.23e-06 _16208_
   1.14e-06   9.16e-08   8.44e-12   1.23e-06 _16220_
   1.14e-06   9.16e-08   8.44e-12   1.23e-06 _16212_
   1.14e-06   9.16e-08   8.44e-12   1.23e-06 _16216_
   1.14e-06   9.16e-08   8.44e-12   1.23e-06 _16200_
   1.14e-06   9.16e-08   8.44e-12   1.23e-06 _16234_
   1.14e-06   9.16e-08   8.44e-12   1.23e-06 _16230_
   1.00e-06   2.26e-07   8.44e-12   1.23e-06 _16720_
   1.14e-06   9.16e-08   8.44e-12   1.23e-06 _16238_
   1.14e-06   9.16e-08   8.44e-12   1.23e-06 _16190_
   1.14e-06   9.16e-08   8.44e-12   1.23e-06 _16240_
   1.14e-06   9.16e-08   8.44e-12   1.23e-06 _16149_
   1.14e-06   9.16e-08   8.44e-12   1.23e-06 _16181_
   1.14e-06   9.16e-08   8.44e-12   1.23e-06 _16405_
   1.14e-06   9.16e-08   8.44e-12   1.23e-06 _16437_
   1.14e-06   9.16e-08   8.44e-12   1.23e-06 _16469_
   1.14e-06   9.16e-08   8.44e-12   1.23e-06 _16501_
   1.14e-06   9.16e-08   8.44e-12   1.23e-06 _16516_
   1.00e-06   2.27e-07   8.44e-12   1.23e-06 _16786_
   1.14e-06   9.12e-08   8.44e-12   1.23e-06 _16547_
   1.00e-06   2.27e-07   8.44e-12   1.23e-06 _15304_
   1.00e-06   2.23e-07   8.44e-12   1.23e-06 _16728_
   1.00e-06   2.27e-07   8.44e-12   1.23e-06 _15321_
   1.00e-06   2.23e-07   8.44e-12   1.23e-06 _16792_
   1.00e-06   2.23e-07   8.44e-12   1.23e-06 _16865_
   1.00e-06   2.23e-07   8.44e-12   1.23e-06 _15310_
   1.00e-06   2.23e-07   8.44e-12   1.22e-06 _16738_
   1.13e-06   9.11e-08   8.44e-12   1.22e-06 _16549_
   1.00e-06   2.19e-07   8.44e-12   1.22e-06 _16742_
   1.00e-06   2.19e-07   8.44e-12   1.22e-06 _16870_
   1.00e-06   2.19e-07   8.44e-12   1.22e-06 _15324_
   1.00e-06   2.16e-07   8.44e-12   1.22e-06 _16806_
   1.00e-06   2.19e-07   8.44e-12   1.22e-06 _15294_
   1.13e-06   9.01e-08   8.44e-12   1.22e-06 _16554_
   9.91e-07   2.24e-07   8.44e-12   1.21e-06 _16779_
   9.95e-07   2.19e-07   8.44e-12   1.21e-06 _16839_
   9.95e-07   2.19e-07   8.44e-12   1.21e-06 _15293_
   9.94e-07   2.19e-07   8.44e-12   1.21e-06 _16775_
   1.00e-06   2.09e-07   8.44e-12   1.21e-06 _16853_
   1.11e-06   8.67e-08   8.44e-12   1.20e-06 _16241_
   1.11e-06   8.67e-08   8.44e-12   1.20e-06 _16237_
   1.11e-06   8.67e-08   8.44e-12   1.20e-06 _16193_
   1.11e-06   8.67e-08   8.44e-12   1.20e-06 _16252_
   1.11e-06   8.67e-08   8.44e-12   1.20e-06 _16195_
   1.11e-06   8.67e-08   8.44e-12   1.20e-06 _16251_
   1.11e-06   8.67e-08   8.44e-12   1.20e-06 _16250_
   1.11e-06   8.67e-08   8.44e-12   1.20e-06 _16239_
   1.11e-06   8.67e-08   8.44e-12   1.20e-06 _16189_
   1.11e-06   8.67e-08   8.44e-12   1.20e-06 _16191_
   1.11e-06   8.67e-08   8.44e-12   1.20e-06 _16207_
   1.11e-06   8.67e-08   8.44e-12   1.20e-06 _16219_
   1.11e-06   8.67e-08   8.44e-12   1.20e-06 _16211_
   1.11e-06   8.67e-08   8.44e-12   1.20e-06 _16249_
   1.11e-06   8.67e-08   8.44e-12   1.20e-06 _16201_
   1.11e-06   8.67e-08   8.44e-12   1.20e-06 _16217_
   1.11e-06   8.67e-08   8.44e-12   1.20e-06 _16233_
   1.11e-06   8.67e-08   8.44e-12   1.20e-06 _16221_
   1.11e-06   8.67e-08   8.44e-12   1.20e-06 _16209_
   1.11e-06   8.67e-08   8.44e-12   1.20e-06 _16205_
   1.11e-06   8.67e-08   8.44e-12   1.20e-06 _16243_
   1.11e-06   8.67e-08   8.44e-12   1.20e-06 _16197_
   1.11e-06   8.67e-08   8.44e-12   1.20e-06 _16235_
   9.98e-07   2.02e-07   8.44e-12   1.20e-06 _16859_
   1.11e-06   8.67e-08   8.44e-12   1.20e-06 _16223_
   1.11e-06   8.67e-08   8.44e-12   1.20e-06 _16231_
   1.11e-06   8.67e-08   8.44e-12   1.20e-06 _16246_
   1.11e-06   8.67e-08   8.44e-12   1.20e-06 _16538_
   1.11e-06   8.67e-08   8.44e-12   1.20e-06 _16539_
   1.11e-06   8.67e-08   8.44e-12   1.20e-06 _16214_
   1.11e-06   8.67e-08   8.44e-12   1.20e-06 _16531_
   1.11e-06   8.67e-08   8.44e-12   1.20e-06 _16602_
   1.11e-06   8.67e-08   8.44e-12   1.20e-06 _16515_
   1.11e-06   8.67e-08   8.44e-12   1.20e-06 _16526_
   1.11e-06   8.67e-08   8.44e-12   1.20e-06 _16510_
   1.11e-06   8.67e-08   8.44e-12   1.20e-06 _16532_
   1.11e-06   8.67e-08   8.44e-12   1.20e-06 _16511_
   1.11e-06   8.67e-08   8.44e-12   1.20e-06 _16525_
   1.11e-06   8.67e-08   8.44e-12   1.20e-06 _16513_
   1.11e-06   8.67e-08   8.44e-12   1.20e-06 _16528_
   1.11e-06   8.67e-08   8.44e-12   1.20e-06 _16245_
   1.11e-06   8.67e-08   8.44e-12   1.20e-06 _16599_
   1.11e-06   8.67e-08   8.44e-12   1.20e-06 _16213_
   1.11e-06   8.67e-08   8.44e-12   1.20e-06 _16605_
   1.11e-06   8.67e-08   8.44e-12   1.20e-06 _16514_
   1.11e-06   8.67e-08   8.44e-12   1.20e-06 _16537_
   1.11e-06   8.67e-08   8.44e-12   1.20e-06 _16631_
   1.11e-06   8.67e-08   8.44e-12   1.20e-06 _16540_
   1.11e-06   8.67e-08   8.44e-12   1.20e-06 _16512_
   1.11e-06   8.67e-08   8.44e-12   1.20e-06 _16527_
   1.11e-06   8.67e-08   8.44e-12   1.20e-06 _16592_
   1.11e-06   8.67e-08   8.44e-12   1.20e-06 _16536_
   1.11e-06   8.67e-08   8.44e-12   1.20e-06 _16630_
   1.11e-06   8.67e-08   8.44e-12   1.20e-06 _16530_
   1.11e-06   8.67e-08   8.44e-12   1.20e-06 _16523_
   1.11e-06   8.67e-08   8.44e-12   1.20e-06 _16587_
   1.11e-06   8.67e-08   8.44e-12   1.20e-06 _16594_
   1.11e-06   8.67e-08   8.44e-12   1.20e-06 _16589_
   1.11e-06   8.67e-08   8.44e-12   1.20e-06 _16634_
   1.11e-06   8.67e-08   8.44e-12   1.20e-06 _16517_
   1.11e-06   8.67e-08   8.44e-12   1.20e-06 _16529_
   1.11e-06   8.67e-08   8.44e-12   1.20e-06 _16581_
   1.11e-06   8.67e-08   8.44e-12   1.20e-06 _16591_
   1.11e-06   8.67e-08   8.44e-12   1.20e-06 _16509_
   1.11e-06   8.67e-08   8.44e-12   1.20e-06 _16573_
   1.11e-06   8.67e-08   8.44e-12   1.20e-06 _16624_
   1.11e-06   8.67e-08   8.44e-12   1.20e-06 _16610_
   1.11e-06   8.67e-08   8.44e-12   1.20e-06 _16535_
   1.11e-06   8.67e-08   8.44e-12   1.20e-06 _16566_
   1.11e-06   8.67e-08   8.44e-12   1.20e-06 _16598_
   1.11e-06   8.67e-08   8.44e-12   1.20e-06 _16629_
   1.11e-06   8.67e-08   8.44e-12   1.20e-06 _16593_
   1.11e-06   8.67e-08   8.44e-12   1.20e-06 _16617_
   1.11e-06   8.67e-08   8.44e-12   1.20e-06 _16590_
   1.11e-06   8.67e-08   8.44e-12   1.20e-06 _16524_
   1.11e-06   8.67e-08   8.44e-12   1.20e-06 _16588_
   1.11e-06   8.67e-08   8.44e-12   1.20e-06 _16522_
   1.11e-06   8.67e-08   8.44e-12   1.20e-06 _16586_
   1.11e-06   8.67e-08   8.44e-12   1.20e-06 _16518_
   1.11e-06   8.67e-08   8.44e-12   1.20e-06 _16582_
   1.11e-06   8.67e-08   8.44e-12   1.20e-06 _16519_
   1.11e-06   8.67e-08   8.44e-12   1.20e-06 _16583_
   1.11e-06   8.67e-08   8.44e-12   1.20e-06 _16520_
   1.11e-06   8.67e-08   8.44e-12   1.20e-06 _16584_
   1.11e-06   8.67e-08   8.44e-12   1.20e-06 _16521_
   1.11e-06   8.67e-08   8.44e-12   1.20e-06 _16585_
   1.11e-06   8.67e-08   8.44e-12   1.20e-06 _16533_
   1.11e-06   8.67e-08   8.44e-12   1.20e-06 _16534_
   1.11e-06   8.67e-08   8.44e-12   1.20e-06 _16565_
   1.11e-06   8.67e-08   8.44e-12   1.20e-06 _16597_
   1.11e-06   8.94e-08   8.44e-12   1.20e-06 _16227_
   1.10e-06   8.87e-08   8.44e-12   1.19e-06 _16192_
   1.11e-06   8.61e-08   8.44e-12   1.19e-06 _16548_
   1.10e-06   8.87e-08   8.44e-12   1.19e-06 _16226_
   1.08e-06   8.36e-08   8.44e-12   1.16e-06 _16203_
   1.08e-06   8.36e-08   8.44e-12   1.16e-06 _16225_
   1.08e-06   8.36e-08   8.44e-12   1.16e-06 _16199_
   1.08e-06   8.36e-08   8.44e-12   1.16e-06 _16229_
   1.08e-06   8.36e-08   8.44e-12   1.16e-06 _16247_
   1.08e-06   8.36e-08   8.44e-12   1.16e-06 _16215_
   1.09e-06   6.50e-08   8.44e-12   1.16e-06 _16619_
   1.09e-06   6.50e-08   8.44e-12   1.16e-06 _16603_
   1.09e-06   6.50e-08   8.44e-12   1.16e-06 _16635_
   1.09e-06   6.50e-08   8.44e-12   1.16e-06 _16595_
   1.09e-06   6.50e-08   8.44e-12   1.16e-06 _16620_
   1.09e-06   6.50e-08   8.44e-12   1.16e-06 _16636_
   1.09e-06   6.50e-08   8.44e-12   1.16e-06 _16596_
   1.09e-06   6.50e-08   8.44e-12   1.16e-06 _16626_
   1.09e-06   6.50e-08   8.44e-12   1.16e-06 _16618_
   1.09e-06   6.50e-08   8.44e-12   1.16e-06 _16604_
   1.09e-06   6.50e-08   8.44e-12   1.16e-06 _16600_
   1.09e-06   6.50e-08   8.44e-12   1.16e-06 _16632_
   1.09e-06   6.50e-08   8.44e-12   1.16e-06 _16606_
   1.09e-06   6.50e-08   8.44e-12   1.16e-06 _16625_
   1.09e-06   6.50e-08   8.44e-12   1.16e-06 _16611_
   1.09e-06   6.50e-08   8.44e-12   1.16e-06 _16627_
   1.09e-06   6.50e-08   8.44e-12   1.16e-06 _16628_
   1.09e-06   6.50e-08   8.44e-12   1.16e-06 _16613_
   1.09e-06   6.50e-08   8.44e-12   1.16e-06 _16621_
   1.09e-06   6.50e-08   8.44e-12   1.16e-06 _16607_
   1.09e-06   6.50e-08   8.44e-12   1.16e-06 _16633_
   1.09e-06   6.50e-08   8.44e-12   1.16e-06 _16614_
   1.09e-06   6.50e-08   8.44e-12   1.16e-06 _16622_
   1.09e-06   6.50e-08   8.44e-12   1.16e-06 _16608_
   1.09e-06   6.50e-08   8.44e-12   1.16e-06 _16615_
   1.09e-06   6.50e-08   8.44e-12   1.16e-06 _16623_
   1.09e-06   6.50e-08   8.44e-12   1.16e-06 _16609_
   1.09e-06   6.50e-08   8.44e-12   1.16e-06 _16616_
   9.92e-07   1.63e-07   8.44e-12   1.16e-06 _16638_
   9.43e-07   1.43e-07   8.44e-12   1.09e-06 _16642_
   9.65e-07   1.03e-07   8.44e-12   1.07e-06 _16807_
   9.65e-07   1.03e-07   8.44e-12   1.07e-06 _16871_
   9.65e-07   1.03e-07   8.44e-12   1.07e-06 _16743_
   9.65e-07   1.03e-07   8.44e-12   1.07e-06 _15325_
   9.65e-07   1.03e-07   8.44e-12   1.07e-06 _16811_
   9.65e-07   1.03e-07   8.44e-12   1.07e-06 _15329_
   9.65e-07   1.03e-07   8.44e-12   1.07e-06 _16747_
   9.65e-07   1.03e-07   8.44e-12   1.07e-06 _16875_
   9.65e-07   1.03e-07   8.44e-12   1.07e-06 _16808_
   9.65e-07   1.03e-07   8.44e-12   1.07e-06 _15333_
   9.65e-07   1.03e-07   8.44e-12   1.07e-06 _16751_
   9.65e-07   1.03e-07   8.44e-12   1.07e-06 _16815_
   9.65e-07   1.03e-07   8.44e-12   1.07e-06 _16879_
   9.65e-07   1.03e-07   8.44e-12   1.07e-06 _16872_
   9.65e-07   1.03e-07   8.44e-12   1.07e-06 _16744_
   9.65e-07   1.03e-07   8.44e-12   1.07e-06 _15326_
   9.65e-07   1.03e-07   8.44e-12   1.07e-06 _15348_
   9.65e-07   1.03e-07   8.44e-12   1.07e-06 _16766_
   9.65e-07   1.03e-07   8.44e-12   1.07e-06 _16830_
   9.65e-07   1.03e-07   8.44e-12   1.07e-06 _16894_
   9.65e-07   1.03e-07   8.44e-12   1.07e-06 _15346_
   9.65e-07   1.03e-07   8.44e-12   1.07e-06 _16764_
   9.65e-07   1.03e-07   8.44e-12   1.07e-06 _16828_
   9.65e-07   1.03e-07   8.44e-12   1.07e-06 _16892_
   9.65e-07   1.03e-07   8.44e-12   1.07e-06 _15344_
   9.65e-07   1.03e-07   8.44e-12   1.07e-06 _16762_
   9.65e-07   1.03e-07   8.44e-12   1.07e-06 _16826_
   9.65e-07   1.03e-07   8.44e-12   1.07e-06 _16890_
   9.64e-07   1.03e-07   8.44e-12   1.07e-06 _15343_
   9.64e-07   1.03e-07   8.44e-12   1.07e-06 _16761_
   9.64e-07   1.03e-07   8.44e-12   1.07e-06 _16825_
   9.64e-07   1.03e-07   8.44e-12   1.07e-06 _16889_
   9.64e-07   1.03e-07   8.44e-12   1.07e-06 _15336_
   9.64e-07   1.03e-07   8.44e-12   1.07e-06 _16754_
   9.64e-07   1.03e-07   8.44e-12   1.07e-06 _16818_
   9.64e-07   1.03e-07   8.44e-12   1.07e-06 _16882_
   9.64e-07   1.03e-07   8.44e-12   1.07e-06 _16810_
   9.64e-07   1.03e-07   8.44e-12   1.07e-06 _16874_
   9.64e-07   1.03e-07   8.44e-12   1.07e-06 _16746_
   9.64e-07   1.03e-07   8.44e-12   1.07e-06 _15328_
   9.64e-07   1.03e-07   8.44e-12   1.07e-06 _15342_
   9.64e-07   1.03e-07   8.44e-12   1.07e-06 _16760_
   9.64e-07   1.03e-07   8.44e-12   1.07e-06 _16824_
   9.64e-07   1.03e-07   8.44e-12   1.07e-06 _16888_
   9.64e-07   1.03e-07   8.44e-12   1.07e-06 _15332_
   9.64e-07   1.03e-07   8.44e-12   1.07e-06 _16750_
   9.64e-07   1.03e-07   8.44e-12   1.07e-06 _16814_
   9.64e-07   1.03e-07   8.44e-12   1.07e-06 _16878_
   9.64e-07   1.03e-07   8.44e-12   1.07e-06 _15339_
   9.64e-07   1.03e-07   8.44e-12   1.07e-06 _16757_
   9.64e-07   1.03e-07   8.44e-12   1.07e-06 _16821_
   9.64e-07   1.03e-07   8.44e-12   1.07e-06 _16885_
   9.64e-07   1.03e-07   8.44e-12   1.07e-06 _15335_
   9.64e-07   1.03e-07   8.44e-12   1.07e-06 _16753_
   9.64e-07   1.03e-07   8.44e-12   1.07e-06 _16817_
   9.64e-07   1.03e-07   8.44e-12   1.07e-06 _16881_
   9.64e-07   1.03e-07   8.44e-12   1.07e-06 _15287_
   9.64e-07   1.03e-07   8.44e-12   1.07e-06 _15288_
   9.64e-07   1.03e-07   8.44e-12   1.07e-06 _15289_
   9.64e-07   1.03e-07   8.44e-12   1.07e-06 _15290_
   9.64e-07   1.03e-07   8.44e-12   1.07e-06 _15291_
   9.64e-07   1.03e-07   8.44e-12   1.07e-06 _15292_
   9.64e-07   1.03e-07   8.44e-12   1.07e-06 _15349_
   9.64e-07   1.03e-07   8.44e-12   1.07e-06 _15351_
   9.64e-07   1.03e-07   8.44e-12   1.07e-06 _15352_
   9.64e-07   1.03e-07   8.44e-12   1.07e-06 _15353_
   9.64e-07   1.03e-07   8.44e-12   1.07e-06 _15354_
   9.64e-07   1.03e-07   8.44e-12   1.07e-06 _15355_
   9.64e-07   1.03e-07   8.44e-12   1.07e-06 _15356_
   9.64e-07   1.03e-07   8.44e-12   1.07e-06 _16767_
   9.64e-07   1.03e-07   8.44e-12   1.07e-06 _16769_
   9.64e-07   1.03e-07   8.44e-12   1.07e-06 _16770_
   9.64e-07   1.03e-07   8.44e-12   1.07e-06 _16771_
   9.64e-07   1.03e-07   8.44e-12   1.07e-06 _16772_
   9.64e-07   1.03e-07   8.44e-12   1.07e-06 _16773_
   9.64e-07   1.03e-07   8.44e-12   1.07e-06 _16774_
   9.64e-07   1.03e-07   8.44e-12   1.07e-06 _16831_
   9.64e-07   1.03e-07   8.44e-12   1.07e-06 _16833_
   9.64e-07   1.03e-07   8.44e-12   1.07e-06 _16834_
   9.64e-07   1.03e-07   8.44e-12   1.07e-06 _16835_
   9.64e-07   1.03e-07   8.44e-12   1.07e-06 _16836_
   9.64e-07   1.03e-07   8.44e-12   1.07e-06 _16837_
   9.64e-07   1.03e-07   8.44e-12   1.07e-06 _16838_
   9.64e-07   1.03e-07   8.44e-12   1.07e-06 _16895_
   9.64e-07   1.03e-07   8.44e-12   1.07e-06 _15347_
   9.64e-07   1.03e-07   8.44e-12   1.07e-06 _16765_
   9.64e-07   1.03e-07   8.44e-12   1.07e-06 _16829_
   9.64e-07   1.03e-07   8.44e-12   1.07e-06 _16893_
   9.64e-07   1.03e-07   8.44e-12   1.07e-06 _15345_
   9.64e-07   1.03e-07   8.44e-12   1.07e-06 _16763_
   9.64e-07   1.03e-07   8.44e-12   1.07e-06 _16827_
   9.64e-07   1.03e-07   8.44e-12   1.07e-06 _16891_
   9.64e-07   1.03e-07   8.44e-12   1.07e-06 _15334_
   9.64e-07   1.03e-07   8.44e-12   1.07e-06 _16752_
   9.64e-07   1.03e-07   8.44e-12   1.07e-06 _16816_
   9.64e-07   1.03e-07   8.44e-12   1.07e-06 _16880_
   9.64e-07   1.03e-07   8.44e-12   1.07e-06 _16809_
   9.64e-07   1.03e-07   8.44e-12   1.07e-06 _16873_
   9.64e-07   1.03e-07   8.44e-12   1.07e-06 _16745_
   9.64e-07   1.03e-07   8.44e-12   1.07e-06 _15327_
   9.64e-07   1.03e-07   8.44e-12   1.07e-06 _15330_
   9.64e-07   1.03e-07   8.44e-12   1.07e-06 _16748_
   9.64e-07   1.03e-07   8.44e-12   1.07e-06 _16812_
   9.64e-07   1.03e-07   8.44e-12   1.07e-06 _16876_
   9.64e-07   1.03e-07   8.44e-12   1.07e-06 _15337_
   9.64e-07   1.03e-07   8.44e-12   1.07e-06 _16755_
   9.64e-07   1.03e-07   8.44e-12   1.07e-06 _16819_
   9.64e-07   1.03e-07   8.44e-12   1.07e-06 _16883_
   9.64e-07   1.03e-07   8.44e-12   1.07e-06 _15338_
   9.64e-07   1.03e-07   8.44e-12   1.07e-06 _16756_
   9.64e-07   1.03e-07   8.44e-12   1.07e-06 _16820_
   9.64e-07   1.03e-07   8.44e-12   1.07e-06 _16884_
   9.63e-07   1.03e-07   8.44e-12   1.07e-06 _15341_
   9.63e-07   1.03e-07   8.44e-12   1.07e-06 _16759_
   9.63e-07   1.03e-07   8.44e-12   1.07e-06 _16823_
   9.63e-07   1.03e-07   8.44e-12   1.07e-06 _16887_
   1.00e-06   6.01e-08   8.44e-12   1.06e-06 _16707_
   9.55e-07   1.03e-07   8.44e-12   1.06e-06 _15340_
   9.55e-07   1.03e-07   8.44e-12   1.06e-06 _16758_
   9.55e-07   1.03e-07   8.44e-12   1.06e-06 _16822_
   9.55e-07   1.03e-07   8.44e-12   1.06e-06 _16886_
   9.54e-07   1.03e-07   8.44e-12   1.06e-06 _15331_
   9.54e-07   1.03e-07   8.44e-12   1.06e-06 _16749_
   9.54e-07   1.03e-07   8.44e-12   1.06e-06 _16813_
   9.54e-07   1.03e-07   8.44e-12   1.06e-06 _16877_
   9.54e-07   1.03e-07   8.44e-12   1.06e-06 _15286_
   9.54e-07   1.03e-07   8.44e-12   1.06e-06 _15350_
   9.54e-07   1.03e-07   8.44e-12   1.06e-06 _16768_
   9.54e-07   1.03e-07   8.44e-12   1.06e-06 _16832_
   8.50e-07   1.79e-07   8.44e-12   1.03e-06 _16640_
